0.000 0.000 134532.73
0.000 0.005 156787.15
0.000 0.010 215688.25
0.000 0.015 246139.79
0.000 0.020 157415.58
0.000 0.025 97860.26
0.005 0.000 133545.63
0.005 0.005 75797.86
0.005 0.010 118295.40
0.005 0.015 162107.29
0.005 0.020 160826.14
0.005 0.025 212987.26
0.010 0.000 83567.72
0.010 0.005 132199.47
0.010 0.010 88299.71
0.010 0.015 115780.34
0.010 0.020 98742.50
0.010 0.025 151320.93
0.015 0.000 82077.05
0.015 0.005 85932.99
0.015 0.010 76066.89
0.015 0.015 99713.15
0.015 0.020 71602.52
0.015 0.025 229255.24
0.020 0.000 84476.81
0.020 0.005 74099.37
0.020 0.010 121906.49
0.020 0.015 86406.71
0.020 0.020 78262.69
0.020 0.025 236404.70
0.025 0.000 84476.81
0.025 0.005 79416.32
0.025 0.010 121906.49
0.025 0.015 61258.13
0.025 0.020 70698.00
0.025 0.025 231909.25