1000.0 0.0 0.0 1000.0
1000.0 0.0 0.0 1000.0
1000.0 0.0 0.0 1000.0
1000.0 0.0 0.0 1000.0
1000.0 0.0 0.0 1000.0
1000.0 0.0 0.0 1000.0
1000.0 0.0 0.0 1000.0
1000.0 0.0 0.0 1000.0
1000.0 0.0 0.0 1000.0
1000.0 0.0 0.0 1000.0
1000.0 0.0 0.0 1000.0
1000.0 0.0 0.0 1000.0
1000.0 0.0 0.0 1000.0
1000.0 0.0 0.0 1000.0
1000.0 0.0 0.0 1000.0
1000.0 0.0 0.0 1000.0
1000.0 0.0 0.0 1000.0
1000.0 0.0 0.0 1000.0
1000.0 0.0 0.0 1000.0
1000.0 0.0 0.0 1000.0
1000.0 0.0 0.0 1000.0
1000.0 0.0 0.0 1000.0
1000.0 0.0 0.0 1000.0
1000.0 0.0 0.0 1000.0
1000.0 0.0 0.0 1000.0
1000.0 0.0 0.0 1000.0
1000.0 0.0 0.0 1000.0
1000.0 0.0 0.0 1000.0
1000.0 0.0 0.0 1000.0
1000.0 0.0 0.0 1000.0
1000.0 0.0 0.0 1000.0
1000.0 0.0 0.0 1000.0
0.0 0.0 1.5439003430855343 981.8588621886764
0.0 0.0 1.5439003430855343 978.8636955230904
0.0 0.0 1.5439003430855343 984.9157848679858
0.0 0.0 1.5439003430855343 990.2885580619234
0.0 0.0 1.5439003430855343 986.5060022213638
0.0 0.0 1.5439003430855343 982.3683493018946
0.0 0.0 1.5439003430855343 971.4992908865725
0.0 0.0 1.5439003430855343 969.1371233616516
0.0 0.0 1.5439003430855343 975.6215048026107
0.0 0.0 1.5439003430855343 1011.995796885706
0.0 0.0 1.5439003430855343 1008.5528991206253
0.0 0.0 1.5439003430855343 1005.6812444824861
0.0 0.0 1.5439003430855343 1011.7333338273813
0.0 0.0 1.5439003430855343 1005.7738785030714
0.0 0.0 1.5439003430855343 1053.2796920598132
0.0 0.0 1.5439003430855343 1061.70938793306
0.0 0.0 1.5439003430855343 1058.9766843257987
0.0 0.0 1.5439003430855343 1077.642439473703
0.0 0.0 1.5439003430855343 1083.818040846045
0.0 0.0 1.5439003430855343 1076.1139781340482
0.0 0.0 1.5439003430855343 1132.188438594915
0.0 0.0 1.5439003430855343 1059.378098415001
0.0 0.0 1.5439003430855343 1055.549225564149
0.0 0.0 1.5439003430855343 1088.1255228032537
0.0 0.0 1.5439003430855343 1099.2570442769004
0.0 0.0 1.5439003430855343 1096.107487577006
0.0 0.0 1.5439003430855343 1094.5790262373512
0.0 0.0 1.5439003430855343 1113.044074340654
0.0 0.0 1.5439003430855343 1113.924097536213
0.0 0.0 1.5439003430855343 1104.5835004605456
0.0 0.0 1.5439003430855343 1086.4581104327215
0.0 0.0 1.5439003430855343 1084.250332942109
0.0 0.0 1.5439003430855343 1090.7038363762065
0.0 0.0 1.5439003430855343 1097.574192902937
0.0 0.0 1.5439003430855343 1098.8401911842673
0.0 0.0 1.5439003430855343 1137.7927968403153
0.0 0.0 1.5439003430855343 1154.0963844632986
0.0 0.0 1.5439003430855343 1156.3504789642034
0.0 0.0 1.5439003430855343 1125.5959841299396
0.0 0.0 1.5439003430855343 1140.2167203789595
0.0 0.0 1.5439003430855343 1137.8082358437462
0.0 0.0 1.5439003430855343 1145.0028114425247
0.0 0.0 1.5439003430855343 1138.5493080084273
0.0 0.0 1.5439003430855343 1135.7548483874425
0.0 0.0 1.5439003430855343 1132.7133647115638
0.0 0.0 1.5439003430855343 1123.8976937525456
0.0 0.0 1.5439003430855343 1122.89415852954
0.0 0.0 1.5439003430855343 1131.2312203822019
0.0 0.0 1.5439003430855343 1146.6393458061955
0.0 0.0 1.5439003430855343 1145.6512495866207
0.0 0.0 1.5439003430855343 1192.5549420095592
0.0 0.0 1.5439003430855343 1180.0493492305663
0.0 0.0 1.5439003430855343 1177.9496447639701
0.0 0.0 1.5439003430855343 1165.0735159026367
0.0 0.0 1.5439003430855343 1168.1458775853769
0.0 0.0 1.5439003430855343 1171.8049213984896
0.0 0.0 1.5439003430855343 1188.3709720797974
0.0 0.0 1.5439003430855343 1188.834142182723
0.0 0.0 1.5439003430855343 1187.3828758602228
0.0 0.0 1.5439003430855343 1199.61056657746
0.0 0.0 1.5439003430855343 1199.61056657746
0.0 0.0 1.5439003430855343 1201.1390279171148
0.0 0.0 1.5439003430855343 1196.3529368535496
0.0 0.0 1.5439003430855343 1199.2245914916887
0.0 0.0 1.5439003430855343 1197.8813981932044
0.0 0.0 1.5439003430855343 1217.674200591561
0.0 0.0 1.5439003430855343 1217.211030488635
0.0 0.0 1.5439003430855343 1217.6278835812682
0.0 0.0 1.5439003430855343 1224.4519230977064
0.0 0.0 1.5439003430855343 1272.4981017745283
0.0 0.0 1.5439003430855343 1289.1104694661285
0.0 0.0 1.5439003430855343 1391.5328182264227
0.0 0.0 1.5439003430855343 1376.5569848984933
0.0 0.0 1.5439003430855343 1378.0854462381478
0.0 0.0 1.5439003430855343 1385.3880948609426
0.0 0.0 1.5439003430855343 1436.3985621964885
0.0 0.0 1.5439003430855343 1436.352245186196
0.0 0.0 1.5439003430855343 1487.362712521742
0.0 0.0 1.5439003430855343 1470.0247116688913
0.0 0.0 1.5439003430855343 1479.241796717112
0.0 0.0 1.5439003430855343 1540.3802503032994
0.0 0.0 1.5439003430855343 1568.5564315646102
0.0 0.0 1.5439003430855343 1564.619485689742
0.0 0.0 1.5439003430855343 1739.6051505750565
0.0 0.0 1.5439003430855343 1535.6713542568882
0.0 0.0 1.5439003430855343 1543.3599779654544
0.0 0.0 1.5439003430855343 1384.6161446893998
0.0 0.0 1.5439003430855343 1402.077657569697
0.0 0.0 1.5439003430855343 1405.705823375948
0.0 0.0 1.5439003430855343 1398.8509058526483
0.0 0.0 1.5439003430855343 1212.3014273976232
0.0 0.0 1.5439003430855343 1205.6626559223553
0.0 0.0 1.5439003430855343 1275.709414488146
0.0 0.0 1.5439003430855343 1262.7715296130893
0.0 0.0 1.5439003430855343 1265.3035261757495
0.0 0.0 1.5439003430855343 1282.2092349325362
0.0 0.0 1.5439003430855343 1395.4388860944293
0.0 0.0 1.5439003430855343 1399.7000510413454
0.0 0.0 1.5439003430855343 1383.0241904481356
0.0 0.0 1.5439003430855343 1379.6619035797182
0.0 0.0 1.5439003430855343 1382.778903281128
0.0 0.0 1.5439003430855343 1418.2324517971153
0.0 0.0 1.5439003430855343 1423.589766688868
0.0 0.0 1.5439003430855343 1420.341998628399
0.0 0.0 1.5439003430855343 1378.7734468285353
0.0 0.0 1.5439003430855343 1414.1451686263392
0.0 0.0 1.5439003430855343 1412.746008940418
0.0 0.0 1.5439003430855343 1420.87039852082
0.0 0.0 1.5439003430855343 1414.1092729433626
0.0 0.0 1.5439003430855343 1408.3304539591936
0.0 0.0 1.5439003430855343 1489.4100401691992
0.0 0.0 1.5439003430855343 1512.5651487347275
0.0 0.0 1.5439003430855343 1518.302475397176
0.0 0.0 1.5439003430855343 1564.0127328549095
0.0 0.0 1.5439003430855343 1591.7603474516845
0.0 0.0 1.5439003430855343 1596.5010277744584
0.0 0.0 1.5439003430855343 1580.9751799493047
0.0 0.0 1.5439003430855343 1621.2651892775502
0.0 0.0 1.5439003430855343 1625.4800372141738
0.0 0.0 1.5439003430855343 1507.0057565868192
0.0 0.0 1.5439003430855343 1542.5162364279581
0.0 0.0 1.5439003430855343 1540.1795432586982
0.0 0.0 1.5439003430855343 1544.8338238304725
0.0 0.0 1.5439003430855343 1543.7110223059635
0.0 0.0 1.5439003430855343 1545.7530234972369
0.0 0.0 1.5439003430855343 1562.9304401876025
0.0 0.0 1.5439003430855343 1598.2581793524328
0.0 0.0 1.5439003430855343 1598.2456351621452
0.0 0.0 1.5439003430855343 1631.3424398751172
0.0 0.0 1.5439003430855343 1625.3863008487438
0.0 0.0 1.5439003430855343 1622.4385535382953
0.0 0.0 1.5439003430855343 1735.0173410886534
0.0 0.0 1.5439003430855343 1734.1446653148275
0.0 0.0 1.5439003430855343 1744.6228266900846
0.0 0.0 1.5439003430855343 1813.876406454615
0.0 0.0 1.5439003430855343 1776.420556600776
0.0 0.0 1.5439003430855343 1776.0566376753059
0.0 0.0 1.5439003430855343 1838.402344134769
0.0 0.0 1.5439003430855343 1833.4824524918706
0.0 0.0 1.5439003430855343 1838.615479577132
0.0 0.0 1.5439003430855343 1944.404792451933
0.0 0.0 1.5439003430855343 1984.1280869129437
0.0 0.0 1.5439003430855343 1986.9997415510825
0.0 0.0 1.5439003430855343 1962.1943579088302
0.0 0.0 1.5439003430855343 1968.7776647642727
0.0 0.0 1.5439003430855343 1975.420488977941
0.0 0.0 1.5439003430855343 1786.8999129548986
0.0 0.0 1.5439003430855343 1841.053518996613
0.0 0.0 1.5439003430855343 1840.4681599888345
0.0 0.0 1.5439003430855343 1820.5053355651958
0.0 0.0 1.5439003430855343 1895.1293726731492
0.0 0.0 1.5439003430855343 1895.4155731992487
0.0 0.0 1.5439003430855343 1922.7283837741013
0.0 0.0 1.5439003430855343 1941.299712433122
0.0 0.0 1.5439003430855343 1940.6827312585165
0.0 0.0 1.5439003430855343 1684.6606522484904
0.0 0.0 1.5439003430855343 1470.151871160899
0.0 0.0 1.5439003430855343 1494.0169230004408
0.0 0.0 1.5439003430855343 1619.681900948912
0.0 0.0 1.5439003430855343 1727.0533071734858
0.0 0.0 1.5439003430855343 1718.3610818541997
0.0 0.0 1.5439003430855343 1603.786693493479
0.0 0.0 1.5439003430855343 1454.2301700667983
0.0 0.0 1.5439003430855343 1432.6314453593598
0.0 0.0 1.5439003430855343 1477.1827161282931
0.0 0.0 1.5439003430855343 1601.3785949333515
1569.3510230346844 0.0 0.0 1569.3510230346844
1569.3510230346844 0.0 0.0 1569.3510230346844
1569.3510230346844 0.0 0.0 1569.3510230346844
1569.3510230346844 0.0 0.0 1569.3510230346844
1569.3510230346844 0.0 0.0 1569.3510230346844
1569.3510230346844 0.0 0.0 1569.3510230346844
1569.3510230346844 0.0 0.0 1569.3510230346844
1569.3510230346844 0.0 0.0 1569.3510230346844
1569.3510230346844 0.0 0.0 1569.3510230346844
1569.3510230346844 0.0 0.0 1569.3510230346844
1569.3510230346844 0.0 0.0 1569.3510230346844
1569.3510230346844 0.0 0.0 1569.3510230346844
1569.3510230346844 0.0 0.0 1569.3510230346844
1569.3510230346844 0.0 0.0 1569.3510230346844
0.0 0.0 1.2739275207835012 1562.621202170142
0.0 0.0 1.2739275207835012 1553.0323013119585
0.0 0.0 1.2739275207835012 1503.264683167832
0.0 0.0 1.2739275207835012 1509.9354058977212
0.0 0.0 1.2739275207835012 1490.9538132241785
0.0 0.0 1.2739275207835012 1512.0594965930648
0.0 0.0 1.2739275207835012 1535.8914472788763
0.0 0.0 1.2739275207835012 1499.3744741365574
0.0 0.0 1.2739275207835012 1551.5546574934715
0.0 0.0 1.2739275207835012 1581.8183815980267
0.0 0.0 1.2739275207835012 1575.3769900265013
0.0 0.0 1.2739275207835012 1606.8190818006508
0.0 0.0 1.2739275207835012 1602.585677969205
0.0 0.0 1.2739275207835012 1580.7402248889996
0.0 0.0 1.2739275207835012 1629.8815815378368
0.0 0.0 1.2739275207835012 1667.7110974919494
0.0 0.0 1.2739275207835012 1640.8441253195651
0.0 0.0 1.2739275207835012 1695.9726113688569
0.0 0.0 1.2739275207835012 1700.6665361772834
0.0 0.0 1.2739275207835012 1698.1453852044071
0.0 0.0 1.2739275207835012 1805.3754481868702
0.0 0.0 1.2739275207835012 1849.8399455603494
0.0 0.0 1.2739275207835012 1844.0737827101573
0.0 0.0 1.2739275207835012 1921.4548474185287
0.0 0.0 1.2739275207835012 1953.3577455294237
0.0 0.0 1.2739275207835012 1934.7774221899426
0.0 0.0 1.2739275207835012 1956.585060005621
0.0 0.0 1.2739275207835012 2090.0299818539993
0.0 0.0 1.2739275207835012 2103.3817295656386
0.0 0.0 1.2739275207835012 2245.7893098858235
0.0 0.0 1.2739275207835012 2319.809993292742
0.0 0.0 1.2739275207835012 2330.013435513024
0.0 0.0 1.2739275207835012 2257.2976691877593
0.0 0.0 1.2739275207835012 2262.898474971826
0.0 0.0 1.2739275207835012 2267.590986994632
0.0 0.0 1.2739275207835012 2215.400692474986
0.0 0.0 1.2739275207835012 2302.6049651608005
0.0 0.0 1.2739275207835012 2272.6612185273507
0.0 0.0 1.2739275207835012 2498.8349322438835
0.0 0.0 1.2739275207835012 2615.258276619023
0.0 0.0 1.2739275207835012 2559.1165608507285
0.0 0.0 1.2739275207835012 2663.35225719559
0.0 0.0 1.2739275207835012 2914.37709546275
0.0 0.0 1.2739275207835012 2874.3881436942297
0.0 0.0 1.2739275207835012 3041.12778552277
0.0 0.0 1.2739275207835012 2817.898193468491
0.0 0.0 1.2739275207835012 2904.325440432642
0.0 0.0 1.2739275207835012 2793.698593669819
0.0 0.0 1.2739275207835012 2899.3707541260583
0.0 0.0 1.2739275207835012 2917.3195011446337
0.0 0.0 1.2739275207835012 2912.1141237369457
0.0 0.0 1.2739275207835012 3056.4612676250154
0.0 0.0 1.2739275207835012 3070.076150161783
0.0 0.0 1.2739275207835012 3217.6417458122887
0.0 0.0 1.2739275207835012 3205.42221392402
0.0 0.0 1.2739275207835012 3222.43788164749
0.0 0.0 1.2739275207835012 3673.1326696603214
0.0 0.0 1.2739275207835012 3394.916028085818
0.0 0.0 1.2739275207835012 3417.9857560877576
0.0 0.0 1.2739275207835012 3602.018981845919
0.0 0.0 1.2739275207835012 3624.7987894226776
0.0 0.0 1.2739275207835012 3692.6445295686804
0.0 0.0 1.2739275207835012 3385.6854040557255
0.0 0.0 1.2739275207835012 3500.988613262173
0.0 0.0 1.2739275207835012 3447.2478712401544
0.0 0.0 1.2739275207835012 3111.5428094451663
0.0 0.0 1.2739275207835012 3140.18014467998
0.0 0.0 1.2739275207835012 3156.7159608502693
0.0 0.0 1.2739275207835012 3194.2321734395578
0.0 0.0 1.2739275207835012 3334.1361817127254
0.0 0.0 1.2739275207835012 3312.2115540371033
0.0 0.0 1.2739275207835012 3402.715505378006
0.0 0.0 1.2739275207835012 3474.367256863651
0.0 0.0 1.2739275207835012 3456.776849095615
0.0 0.0 1.2739275207835012 3298.4084066695314
0.0 0.0 1.2739275207835012 3200.572554024033
0.0 0.0 1.2739275207835012 3187.404874825944
0.0 0.0 1.2739275207835012 3207.6260715910776
0.0 0.0 1.2739275207835012 3293.5474788806227
0.0 0.0 1.2739275207835012 3259.0887764204313
0.0 0.0 1.2739275207835012 3156.335534244375
0.0 0.0 1.2739275207835012 3186.3364865931458
0.0 0.0 1.2739275207835012 3084.5097489722607
0.0 0.0 1.2739275207835012 3262.8155609336295
0.0 0.0 1.2739275207835012 3311.8673872302334
0.0 0.0 1.2739275207835012 3310.7974944890334
0.0 0.0 1.2739275207835012 3324.909745082393
3258.411550180745 0.0 0.0 3258.411550180745
3258.411550180745 0.0 0.0 3258.411550180745
3258.411550180745 0.0 0.0 3258.411550180745
3258.411550180745 0.0 0.0 3258.411550180745
3258.411550180745 0.0 0.0 3258.411550180745
3258.411550180745 0.0 0.0 3258.411550180745
3258.411550180745 0.0 0.0 3258.411550180745
3258.411550180745 0.0 0.0 3258.411550180745
3258.411550180745 0.0 0.0 3258.411550180745
3258.411550180745 0.0 0.0 3258.411550180745
3258.411550180745 0.0 0.0 3258.411550180745
3258.411550180745 0.0 0.0 3258.411550180745
3258.411550180745 0.0 0.0 3258.411550180745
3258.411550180745 0.0 0.0 3258.411550180745
3258.411550180745 0.0 0.0 3258.411550180745
3258.411550180745 0.0 0.0 3258.411550180745
3258.411550180745 0.0 0.0 3258.411550180745
3258.411550180745 0.0 0.0 3258.411550180745
3258.411550180745 0.0 0.0 3258.411550180745
3258.411550180745 0.0 0.0 3258.411550180745
3258.411550180745 0.0 0.0 3258.411550180745
3258.411550180745 0.0 0.0 3258.411550180745
3258.411550180745 0.0 0.0 3258.411550180745
3258.411550180745 0.0 0.0 3258.411550180745
3258.411550180745 0.0 0.0 3258.411550180745
3258.411550180745 0.0 0.0 3258.411550180745
3258.411550180745 0.0 0.0 3258.411550180745
3258.411550180745 0.0 0.0 3258.411550180745
3258.411550180745 0.0 0.0 3258.411550180745
3258.411550180745 0.0 0.0 3258.411550180745
3258.411550180745 0.0 0.0 3258.411550180745
3258.411550180745 0.0 0.0 3258.411550180745
0.0 0.0 0.9951159203875714 3440.488241507661
0.0 0.0 0.9951159203875714 3340.92886798287
0.0 0.0 0.9951159203875714 3323.965806552197
3257.486490421153 0.0 0.0 3257.486490421153
3257.486490421153 0.0 0.0 3257.486490421153
0.0 0.0 0.828906714820671 3206.642204418062
0.0 0.0 0.828906714820671 3550.200828323216
0.0 0.0 0.828906714820671 3495.5230984970935
0.0 0.0 0.828906714820671 3464.8052007489605
0.0 0.0 0.828906714820671 3588.1098134382237
0.0 0.0 0.828906714820671 3423.7495067006425
0.0 0.0 0.828906714820671 3402.4216813915564
0.0 0.0 0.828906714820671 3446.559333496249
0.0 0.0 0.828906714820671 3351.8683186680737
0.0 0.0 0.828906714820671 3304.2542591553447
0.0 0.0 0.828906714820671 3460.64408904056
0.0 0.0 0.828906714820671 3597.71767116971
0.0 0.0 0.828906714820671 3590.6332400587385
0.0 0.0 0.828906714820671 3614.4587685262572
0.0 0.0 0.828906714820671 3609.315415623302
0.0 0.0 0.828906714820671 3596.6676809426326
0.0 0.0 0.828906714820671 3819.5900813009516
0.0 0.0 0.828906714820671 3808.8162833843985
0.0 0.0 0.828906714820671 3798.481598800022
0.0 0.0 0.828906714820671 4071.3742815446967
0.0 0.0 0.828906714820671 3796.7139386525323
0.0 0.0 0.828906714820671 3801.0097642802243
0.0 0.0 0.828906714820671 3600.852264802476
0.0 0.0 0.828906714820671 3720.730264996783
0.0 0.0 0.828906714820671 3634.772522622939
0.0 0.0 0.828906714820671 3858.277685847112
0.0 0.0 0.828906714820671 3573.2097726031366
3501.7455771510736 0.0 0.0 3501.7455771510736
3501.7455771510736 0.0 0.0 3501.7455771510736
3501.7455771510736 0.0 0.0 3501.7455771510736
3501.7455771510736 0.0 0.0 3501.7455771510736
3501.7455771510736 0.0 0.0 3501.7455771510736
3501.7455771510736 0.0 0.0 3501.7455771510736
3501.7455771510736 0.0 0.0 3501.7455771510736
3501.7455771510736 0.0 0.0 3501.7455771510736
3501.7455771510736 0.0 0.0 3501.7455771510736
3501.7455771510736 0.0 0.0 3501.7455771510736
3501.7455771510736 0.0 0.0 3501.7455771510736
3501.7455771510736 0.0 0.0 3501.7455771510736
3501.7455771510736 0.0 0.0 3501.7455771510736
3501.7455771510736 0.0 0.0 3501.7455771510736
3501.7455771510736 0.0 0.0 3501.7455771510736
3501.7455771510736 0.0 0.0 3501.7455771510736
3501.7455771510736 0.0 0.0 3501.7455771510736
3501.7455771510736 0.0 0.0 3501.7455771510736
3501.7455771510736 0.0 0.0 3501.7455771510736
3501.7455771510736 0.0 0.0 3501.7455771510736
3501.7455771510736 0.0 0.0 3501.7455771510736
3501.7455771510736 0.0 0.0 3501.7455771510736
3501.7455771510736 0.0 0.0 3501.7455771510736
3501.7455771510736 0.0 0.0 3501.7455771510736
3501.7455771510736 0.0 0.0 3501.7455771510736
3501.7455771510736 0.0 0.0 3501.7455771510736
3501.7455771510736 0.0 0.0 3501.7455771510736
3501.7455771510736 0.0 0.0 3501.7455771510736
3501.7455771510736 0.0 0.0 3501.7455771510736
0.0 0.0 0.7844912107154559 3610.448901957268
0.0 0.0 0.7844912107154559 3613.0997895437467
0.0 0.0 0.7844912107154559 3751.6566271803104
0.0 0.0 0.7844912107154559 3780.8442243797376
0.0 0.0 0.7844912107154559 3782.94998157575
0.0 0.0 0.7844912107154559 4364.757349932434
0.0 0.0 0.7844912107154559 4502.539240478352
0.0 0.0 0.7844912107154559 4570.437948716139
0.0 0.0 0.7844912107154559 4480.390805248045
0.0 0.0 0.7844912107154559 4396.063548802467
0.0 0.0 0.7844912107154559 4388.961596941333
0.0 0.0 0.7844912107154559 4493.278138949404
0.0 0.0 0.7844912107154559 4690.833689306047
0.0 0.0 0.7844912107154559 4696.309563475434
0.0 0.0 0.7844912107154559 4693.7556915635105
0.0 0.0 0.7844912107154559 4609.733009123545
0.0 0.0 0.7844912107154559 4628.960993035512
0.0 0.0 0.7844912107154559 4447.7690452128
0.0 0.0 0.7844912107154559 4623.115291666096
0.0 0.0 0.7844912107154559 4620.512022696106
0.0 0.0 0.7844912107154559 4531.767984241781
0.0 0.0 0.7844912107154559 4828.883886828906
0.0 0.0 0.7844912107154559 4814.022469643288
0.0 0.0 0.7844912107154559 5011.835981891276
0.0 0.0 0.7844912107154559 5228.874509536489
0.0 0.0 0.7844912107154559 5296.868964926543
0.0 0.0 0.7844912107154559 5646.548124260324
0.0 0.0 0.7844912107154559 5834.687361501978
0.0 0.0 0.7844912107154559 5778.554413217941
0.0 0.0 0.7844912107154559 5482.86529382192
0.0 0.0 0.7844912107154559 5563.7114795642265
0.0 0.0 0.7844912107154559 5592.355424354628
0.0 0.0 0.7844912107154559 5615.417159545502
0.0 0.0 0.7844912107154559 5271.308554625331
0.0 0.0 0.7844912107154559 5153.495351256188
0.0 0.0 0.7844912107154559 4484.3883496623475
0.0 0.0 0.7844912107154559 5138.595927824884
0.0 0.0 0.7844912107154559 5094.195660638206
0.0 0.0 0.7844912107154559 5727.907597894854
0.0 0.0 0.7844912107154559 6130.822895621457
0.0 0.0 0.7844912107154559 6172.980904141458
0.0 0.0 0.7844912107154559 6132.477923392353
0.0 0.0 0.7844912107154559 6281.934234011374
0.0 0.0 0.7844912107154559 6314.93458872042
0.0 0.0 0.7844912107154559 6322.842260124432
0.0 0.0 0.7844912107154559 6486.200787387765
0.0 0.0 0.7844912107154559 6461.634445124209
0.0 0.0 0.7844912107154559 6472.819982042163
0.0 0.0 0.7844912107154559 6830.884469081389
0.0 0.0 0.7844912107154559 6879.04652852169
0.0 0.0 0.7844912107154559 7623.917049864523
0.0 0.0 0.7844912107154559 7807.6556938580525
0.0 0.0 0.7844912107154559 7781.368319086607
0.0 0.0 0.7844912107154559 7960.524145860117
0.0 0.0 0.7844912107154559 8538.333302200479
0.0 0.0 0.7844912107154559 8535.170233638873
0.0 0.0 0.7844912107154559 8890.342353360611
0.0 0.0 0.7844912107154559 9088.197312632736
0.0 0.0 0.7844912107154559 9093.210211469206
0.0 0.0 0.7844912107154559 10622.779794473774
0.0 0.0 0.7844912107154559 12945.651734590452
0.0 0.0 0.7844912107154559 13227.212164928018
0.0 0.0 0.7844912107154559 11879.420295996852
0.0 0.0 0.7844912107154559 11665.23132755274
0.0 0.0 0.7844912107154559 11821.45882971067
0.0 9.197230797597893 0.0 11412.843696739226
0.0 9.197230797597893 0.0 11428.938850635022
0.0 9.197230797597893 0.0 11505.735727794963
0.0 9.197230797597893 0.0 11538.845758666315
0.0 9.197230797597893 0.0 11538.845758666315
0.0 9.197230797597893 0.0 11538.845758666315
0.0 9.197230797597893 0.0 11594.029143451902
0.0 9.197230797597893 0.0 11591.729835752503
0.0 9.197230797597893 0.0 11630.358205102415
0.0 9.197230797597893 0.0 11630.358205102415
0.0 9.197230797597893 0.0 11698.647643774579
0.0 9.197230797597893 0.0 11698.647643774579
0.0 9.197230797597893 0.0 11698.647643774579
0.0 9.197230797597893 0.0 11698.647643774579
0.0 9.197230797597893 0.0 11698.647643774579
0.0 9.197230797597893 0.0 11766.937082446744
0.0 9.197230797597893 0.0 11873.62495969888
0.0 9.197230797597893 0.0 11970.425813843598
0.0 9.197230797597893 0.0 11970.425813843598
0.0 9.197230797597893 0.0 11970.425813843598
0.0 9.197230797597893 0.0 11970.425813843598
0.0 9.197230797597893 0.0 12067.226667988314
0.0 9.197230797597893 0.0 12093.43877576147
0.0 9.197230797597893 0.0 12089.75988344243
0.0 9.197230797597893 0.0 12114.132545056065
0.0 9.197230797597893 0.0 12114.132545056065
0.0 9.197230797597893 0.0 12114.132545056065
0.0 9.197230797597893 0.0 12139.88479128934
0.0 9.197230797597893 0.0 12057.569575650838
0.0 9.197230797597893 0.0 12138.04534512982
0.0 9.197230797597893 0.0 12168.396206761892
0.0 9.197230797597893 0.0 12202.885822252883
0.0 9.197230797597893 0.0 12202.885822252883
0.0 9.197230797597893 0.0 12202.885822252883
0.0 9.197230797597893 0.0 12317.391345682978
0.0 9.197230797597893 0.0 12267.726299375949
0.0 9.197230797597893 0.0 12284.281314811626
0.0 9.197230797597893 0.0 12252.550868559912
0.0 9.197230797597893 0.0 12277.843253253308
0.0 9.197230797597893 0.0 12277.843253253308
0.0 9.197230797597893 0.0 12277.843253253308
0.0 9.197230797597893 0.0 12256.22976087895
0.0 9.197230797597893 0.0 12263.587545517032
0.0 9.197230797597893 0.0 12450.291330708267
0.0 9.197230797597893 0.0 12461.787869205265
0.0 9.197230797597893 0.0 12445.23285376959
0.0 9.197230797597893 0.0 12445.23285376959
0.0 9.197230797597893 0.0 12445.23285376959
0.0 9.197230797597893 0.0 12359.698607351927
0.0 9.197230797597893 0.0 12369.355699689408
0.0 9.197230797597893 0.0 12370.735284309045
0.0 9.197230797597893 0.0 12336.705530357933
0.0 9.197230797597893 0.0 12242.893776222436
0.0 9.197230797597893 0.0 12242.893776222436
0.0 9.197230797597893 0.0 12242.893776222436
0.0 9.197230797597893 0.0 12265.42699167655
0.0 9.197230797597893 0.0 12245.193083921835
0.0 9.197230797597893 0.0 12183.11177603805
0.0 9.197230797597893 0.0 12098.497252700148
0.0 9.197230797597893 0.0 12086.08099112339
0.0 9.197230797597893 0.0 12086.08099112339
0.0 9.197230797597893 0.0 12086.08099112339
0.0 9.197230797597893 0.0 12161.498283663694
0.0 9.197230797597893 0.0 12189.549837596367
0.0 9.197230797597893 0.0 12289.799653290185
0.0 9.197230797597893 0.0 12438.79479221127
0.0 9.197230797597893 0.0 12435.57576143211
0.0 9.197230797597893 0.0 12435.57576143211
0.0 9.197230797597893 0.0 12435.57576143211
0.0 9.197230797597893 0.0 12384.990992045321
0.0 0.0 1.0818796163162077 12323.032569630928
0.0 0.0 1.0818796163162077 12166.796527499744
0.0 0.0 1.0818796163162077 10744.22400470272
10529.339524608666 0.0 0.0 10529.339524608666
0.0 0.0 1.0158200522678353 10332.210497631833
0.0 0.0 1.0158200522678353 9849.993946348004
0.0 0.0 1.0158200522678353 10512.318775579695
0.0 0.0 1.0158200522678353 10482.714396575835
0.0 0.0 1.0158200522678353 10534.221552326078
0.0 0.0 1.0158200522678353 11183.55066345595
0.0 0.0 1.0158200522678353 11104.05088974598
0.0 0.0 1.0158200522678353 11506.14124461567
0.0 0.0 1.0158200522678353 11611.007741450254
0.0 0.0 1.0158200522678353 11699.026852559775
11465.04631550858 0.0 0.0 11465.04631550858
11465.04631550858 0.0 0.0 11465.04631550858
11465.04631550858 0.0 0.0 11465.04631550858
11465.04631550858 0.0 0.0 11465.04631550858
11465.04631550858 0.0 0.0 11465.04631550858
11465.04631550858 0.0 0.0 11465.04631550858
11465.04631550858 0.0 0.0 11465.04631550858
11465.04631550858 0.0 0.0 11465.04631550858
11465.04631550858 0.0 0.0 11465.04631550858
11465.04631550858 0.0 0.0 11465.04631550858
11465.04631550858 0.0 0.0 11465.04631550858
11465.04631550858 0.0 0.0 11465.04631550858
11465.04631550858 0.0 0.0 11465.04631550858
11465.04631550858 0.0 0.0 11465.04631550858
11465.04631550858 0.0 0.0 11465.04631550858
11465.04631550858 0.0 0.0 11465.04631550858
11465.04631550858 0.0 0.0 11465.04631550858
11465.04631550858 0.0 0.0 11465.04631550858
11465.04631550858 0.0 0.0 11465.04631550858
11465.04631550858 0.0 0.0 11465.04631550858
11465.04631550858 0.0 0.0 11465.04631550858
11465.04631550858 0.0 0.0 11465.04631550858
11465.04631550858 0.0 0.0 11465.04631550858
11465.04631550858 0.0 0.0 11465.04631550858
11465.04631550858 0.0 0.0 11465.04631550858
11465.04631550858 0.0 0.0 11465.04631550858
11465.04631550858 0.0 0.0 11465.04631550858
11465.04631550858 0.0 0.0 11465.04631550858
11465.04631550858 0.0 0.0 11465.04631550858
11465.04631550858 0.0 0.0 11465.04631550858
11465.04631550858 0.0 0.0 11465.04631550858
11465.04631550858 0.0 0.0 11465.04631550858
11465.04631550858 0.0 0.0 11465.04631550858
11465.04631550858 0.0 0.0 11465.04631550858
11465.04631550858 0.0 0.0 11465.04631550858
11465.04631550858 0.0 0.0 11465.04631550858
11465.04631550858 0.0 0.0 11465.04631550858
11465.04631550858 0.0 0.0 11465.04631550858
11465.04631550858 0.0 0.0 11465.04631550858
11465.04631550858 0.0 0.0 11465.04631550858
11465.04631550858 0.0 0.0 11465.04631550858
11465.04631550858 0.0 0.0 11465.04631550858
11465.04631550858 0.0 0.0 11465.04631550858
11465.04631550858 0.0 0.0 11465.04631550858
11465.04631550858 0.0 0.0 11465.04631550858
11465.04631550858 0.0 0.0 11465.04631550858
11465.04631550858 0.0 0.0 11465.04631550858
11465.04631550858 0.0 0.0 11465.04631550858
0.0 0.0 1.2586210876976602 11244.34668865997
11019.459754886771 0.0 0.0 11019.459754886771
0.0 0.0 1.130589130010172 10919.354182442543
0.0 0.0 1.130589130010172 10467.444516594096
0.0 0.0 1.130589130010172 10186.969849913254
0.0 0.0 1.130589130010172 10094.52157675232
0.0 0.0 1.130589130010172 10553.237389163427
0.0 0.0 1.130589130010172 10468.769190568288
0.0 0.0 1.130589130010172 10446.134796185484
0.0 0.0 1.130589130010172 10425.64399879318
10217.131118817317 0.0 0.0 10217.131118817317
10217.131118817317 0.0 0.0 10217.131118817317
10217.131118817317 0.0 0.0 10217.131118817317
10217.131118817317 0.0 0.0 10217.131118817317
10217.131118817317 0.0 0.0 10217.131118817317
10217.131118817317 0.0 0.0 10217.131118817317
10217.131118817317 0.0 0.0 10217.131118817317
10217.131118817317 0.0 0.0 10217.131118817317
10217.131118817317 0.0 0.0 10217.131118817317
10217.131118817317 0.0 0.0 10217.131118817317
10217.131118817317 0.0 0.0 10217.131118817317
10217.131118817317 0.0 0.0 10217.131118817317
10217.131118817317 0.0 0.0 10217.131118817317
10217.131118817317 0.0 0.0 10217.131118817317
10217.131118817317 0.0 0.0 10217.131118817317
10217.131118817317 0.0 0.0 10217.131118817317
10217.131118817317 0.0 0.0 10217.131118817317
10217.131118817317 0.0 0.0 10217.131118817317
10217.131118817317 0.0 0.0 10217.131118817317
10217.131118817317 0.0 0.0 10217.131118817317
10217.131118817317 0.0 0.0 10217.131118817317
10217.131118817317 0.0 0.0 10217.131118817317
10217.131118817317 0.0 0.0 10217.131118817317
10217.131118817317 0.0 0.0 10217.131118817317
10217.131118817317 0.0 0.0 10217.131118817317
10217.131118817317 0.0 0.0 10217.131118817317
10217.131118817317 0.0 0.0 10217.131118817317
10217.131118817317 0.0 0.0 10217.131118817317
10217.131118817317 0.0 0.0 10217.131118817317
10217.131118817317 0.0 0.0 10217.131118817317
10217.131118817317 0.0 0.0 10217.131118817317
10217.131118817317 0.0 0.0 10217.131118817317
10217.131118817317 0.0 0.0 10217.131118817317
10217.131118817317 0.0 0.0 10217.131118817317
10217.131118817317 0.0 0.0 10217.131118817317
10217.131118817317 0.0 0.0 10217.131118817317
10217.131118817317 0.0 0.0 10217.131118817317
10217.131118817317 0.0 0.0 10217.131118817317
10217.131118817317 0.0 0.0 10217.131118817317
10217.131118817317 0.0 0.0 10217.131118817317
10217.131118817317 0.0 0.0 10217.131118817317
10217.131118817317 0.0 0.0 10217.131118817317
10217.131118817317 0.0 0.0 10217.131118817317
10217.131118817317 0.0 0.0 10217.131118817317
10217.131118817317 0.0 0.0 10217.131118817317
10217.131118817317 0.0 0.0 10217.131118817317
10217.131118817317 0.0 0.0 10217.131118817317
10217.131118817317 0.0 0.0 10217.131118817317
10217.131118817317 0.0 0.0 10217.131118817317
10217.131118817317 0.0 0.0 10217.131118817317
10217.131118817317 0.0 0.0 10217.131118817317
10217.131118817317 0.0 0.0 10217.131118817317
10217.131118817317 0.0 0.0 10217.131118817317
10217.131118817317 0.0 0.0 10217.131118817317
10217.131118817317 0.0 0.0 10217.131118817317
10217.131118817317 0.0 0.0 10217.131118817317
10217.131118817317 0.0 0.0 10217.131118817317
10217.131118817317 0.0 0.0 10217.131118817317
10217.131118817317 0.0 0.0 10217.131118817317
10217.131118817317 0.0 0.0 10217.131118817317
10217.131118817317 0.0 0.0 10217.131118817317
10217.131118817317 0.0 0.0 10217.131118817317
10217.131118817317 0.0 0.0 10217.131118817317
10217.131118817317 0.0 0.0 10217.131118817317
10217.131118817317 0.0 0.0 10217.131118817317
10217.131118817317 0.0 0.0 10217.131118817317
10217.131118817317 0.0 0.0 10217.131118817317
10217.131118817317 0.0 0.0 10217.131118817317
10217.131118817317 0.0 0.0 10217.131118817317
10217.131118817317 0.0 0.0 10217.131118817317
10217.131118817317 0.0 0.0 10217.131118817317
10217.131118817317 0.0 0.0 10217.131118817317
10217.131118817317 0.0 0.0 10217.131118817317
10217.131118817317 0.0 0.0 10217.131118817317
10217.131118817317 0.0 0.0 10217.131118817317
10217.131118817317 0.0 0.0 10217.131118817317
10217.131118817317 0.0 0.0 10217.131118817317
10217.131118817317 0.0 0.0 10217.131118817317
10217.131118817317 0.0 0.0 10217.131118817317
10217.131118817317 0.0 0.0 10217.131118817317
10217.131118817317 0.0 0.0 10217.131118817317
10217.131118817317 0.0 0.0 10217.131118817317
10217.131118817317 0.0 0.0 10217.131118817317
10217.131118817317 0.0 0.0 10217.131118817317
10217.131118817317 0.0 0.0 10217.131118817317
10217.131118817317 0.0 0.0 10217.131118817317
10217.131118817317 0.0 0.0 10217.131118817317
10217.131118817317 0.0 0.0 10217.131118817317
10217.131118817317 0.0 0.0 10217.131118817317
10217.131118817317 0.0 0.0 10217.131118817317
10217.131118817317 0.0 0.0 10217.131118817317
10217.131118817317 0.0 0.0 10217.131118817317
10217.131118817317 0.0 0.0 10217.131118817317
10217.131118817317 0.0 0.0 10217.131118817317
10217.131118817317 0.0 0.0 10217.131118817317
10217.131118817317 0.0 0.0 10217.131118817317
10217.131118817317 0.0 0.0 10217.131118817317
10217.131118817317 0.0 0.0 10217.131118817317
10217.131118817317 0.0 0.0 10217.131118817317
10217.131118817317 0.0 0.0 10217.131118817317
10217.131118817317 0.0 0.0 10217.131118817317
10217.131118817317 0.0 0.0 10217.131118817317
10217.131118817317 0.0 0.0 10217.131118817317
10217.131118817317 0.0 0.0 10217.131118817317
10217.131118817317 0.0 0.0 10217.131118817317
10217.131118817317 0.0 0.0 10217.131118817317
10217.131118817317 0.0 0.0 10217.131118817317
10217.131118817317 0.0 0.0 10217.131118817317
10217.131118817317 0.0 0.0 10217.131118817317
10217.131118817317 0.0 0.0 10217.131118817317
10217.131118817317 0.0 0.0 10217.131118817317
10217.131118817317 0.0 0.0 10217.131118817317
10217.131118817317 0.0 0.0 10217.131118817317
10217.131118817317 0.0 0.0 10217.131118817317
10217.131118817317 0.0 0.0 10217.131118817317
10217.131118817317 0.0 0.0 10217.131118817317
10217.131118817317 0.0 0.0 10217.131118817317
10217.131118817317 0.0 0.0 10217.131118817317
10217.131118817317 0.0 0.0 10217.131118817317
10217.131118817317 0.0 0.0 10217.131118817317
10217.131118817317 0.0 0.0 10217.131118817317
10217.131118817317 0.0 0.0 10217.131118817317
10217.131118817317 0.0 0.0 10217.131118817317
10217.131118817317 0.0 0.0 10217.131118817317
10217.131118817317 0.0 0.0 10217.131118817317
10217.131118817317 0.0 0.0 10217.131118817317
10217.131118817317 0.0 0.0 10217.131118817317
10217.131118817317 0.0 0.0 10217.131118817317
10217.131118817317 0.0 0.0 10217.131118817317
10217.131118817317 0.0 0.0 10217.131118817317
10217.131118817317 0.0 0.0 10217.131118817317
10217.131118817317 0.0 0.0 10217.131118817317
10217.131118817317 0.0 0.0 10217.131118817317
10217.131118817317 0.0 0.0 10217.131118817317
10217.131118817317 0.0 0.0 10217.131118817317
10217.131118817317 0.0 0.0 10217.131118817317
10217.131118817317 0.0 0.0 10217.131118817317
10217.131118817317 0.0 0.0 10217.131118817317
10217.131118817317 0.0 0.0 10217.131118817317
10217.131118817317 0.0 0.0 10217.131118817317
10217.131118817317 0.0 0.0 10217.131118817317
10217.131118817317 0.0 0.0 10217.131118817317
10217.131118817317 0.0 0.0 10217.131118817317
10217.131118817317 0.0 0.0 10217.131118817317
10217.131118817317 0.0 0.0 10217.131118817317
10217.131118817317 0.0 0.0 10217.131118817317
10217.131118817317 0.0 0.0 10217.131118817317
10217.131118817317 0.0 0.0 10217.131118817317
10217.131118817317 0.0 0.0 10217.131118817317
10217.131118817317 0.0 0.0 10217.131118817317
10217.131118817317 0.0 0.0 10217.131118817317
10217.131118817317 0.0 0.0 10217.131118817317
10217.131118817317 0.0 0.0 10217.131118817317
10217.131118817317 0.0 0.0 10217.131118817317
10217.131118817317 0.0 0.0 10217.131118817317
10217.131118817317 0.0 0.0 10217.131118817317
10217.131118817317 0.0 0.0 10217.131118817317
10217.131118817317 0.0 0.0 10217.131118817317
10217.131118817317 0.0 0.0 10217.131118817317
10217.131118817317 0.0 0.0 10217.131118817317
10217.131118817317 0.0 0.0 10217.131118817317
10217.131118817317 0.0 0.0 10217.131118817317
10217.131118817317 0.0 0.0 10217.131118817317
10217.131118817317 0.0 0.0 10217.131118817317
10217.131118817317 0.0 0.0 10217.131118817317
10217.131118817317 0.0 0.0 10217.131118817317
10217.131118817317 0.0 0.0 10217.131118817317
10217.131118817317 0.0 0.0 10217.131118817317
10217.131118817317 0.0 0.0 10217.131118817317
10217.131118817317 0.0 0.0 10217.131118817317
10217.131118817317 0.0 0.0 10217.131118817317
10217.131118817317 0.0 0.0 10217.131118817317
10217.131118817317 0.0 0.0 10217.131118817317
10217.131118817317 0.0 0.0 10217.131118817317
0.0 8.184773983388988 0.0 10071.773625259319
0.0 8.184773983388988 0.0 10073.819818755166
0.0 8.184773983388988 0.0 10098.783379404502
0.0 8.184773983388988 0.0 10098.783379404502
0.0 8.184773983388988 0.0 10098.783379404502
0.0 8.184773983388988 0.0 10073.819818755166
0.0 8.184773983388988 0.0 10029.622039244867
0.0 8.184773983388988 0.0 9944.091151118451
0.0 8.184773983388988 0.0 10076.684489649353
0.0 8.184773983388988 0.0 10084.46002493357
0.0 8.184773983388988 0.0 10084.46002493357
0.0 8.184773983388988 0.0 10084.46002493357
0.0 8.184773983388988 0.0 10085.68774103108
0.0 8.184773983388988 0.0 10080.367637941878
9979.563961562459 0.0 0.0 9979.563961562459
9979.563961562459 0.0 0.0 9979.563961562459
9979.563961562459 0.0 0.0 9979.563961562459
9979.563961562459 0.0 0.0 9979.563961562459
9979.563961562459 0.0 0.0 9979.563961562459
9979.563961562459 0.0 0.0 9979.563961562459
9979.563961562459 0.0 0.0 9979.563961562459
9979.563961562459 0.0 0.0 9979.563961562459
9979.563961562459 0.0 0.0 9979.563961562459
9979.563961562459 0.0 0.0 9979.563961562459
9979.563961562459 0.0 0.0 9979.563961562459
9979.563961562459 0.0 0.0 9979.563961562459
9979.563961562459 0.0 0.0 9979.563961562459
9979.563961562459 0.0 0.0 9979.563961562459
9979.563961562459 0.0 0.0 9979.563961562459
9979.563961562459 0.0 0.0 9979.563961562459
9979.563961562459 0.0 0.0 9979.563961562459
9979.563961562459 0.0 0.0 9979.563961562459
9979.563961562459 0.0 0.0 9979.563961562459
9979.563961562459 0.0 0.0 9979.563961562459
9979.563961562459 0.0 0.0 9979.563961562459
9979.563961562459 0.0 0.0 9979.563961562459
9979.563961562459 0.0 0.0 9979.563961562459
9979.563961562459 0.0 0.0 9979.563961562459
9979.563961562459 0.0 0.0 9979.563961562459
9979.563961562459 0.0 0.0 9979.563961562459
9979.563961562459 0.0 0.0 9979.563961562459
9979.563961562459 0.0 0.0 9979.563961562459
9979.563961562459 0.0 0.0 9979.563961562459
9979.563961562459 0.0 0.0 9979.563961562459
9979.563961562459 0.0 0.0 9979.563961562459
9979.563961562459 0.0 0.0 9979.563961562459
9979.563961562459 0.0 0.0 9979.563961562459
9979.563961562459 0.0 0.0 9979.563961562459
9979.563961562459 0.0 0.0 9979.563961562459
9979.563961562459 0.0 0.0 9979.563961562459
9979.563961562459 0.0 0.0 9979.563961562459
9979.563961562459 0.0 0.0 9979.563961562459
9979.563961562459 0.0 0.0 9979.563961562459
9979.563961562459 0.0 0.0 9979.563961562459
9979.563961562459 0.0 0.0 9979.563961562459
9979.563961562459 0.0 0.0 9979.563961562459
9979.563961562459 0.0 0.0 9979.563961562459
9979.563961562459 0.0 0.0 9979.563961562459
9979.563961562459 0.0 0.0 9979.563961562459
9979.563961562459 0.0 0.0 9979.563961562459
9979.563961562459 0.0 0.0 9979.563961562459
9979.563961562459 0.0 0.0 9979.563961562459
9979.563961562459 0.0 0.0 9979.563961562459
9979.563961562459 0.0 0.0 9979.563961562459
9979.563961562459 0.0 0.0 9979.563961562459
9979.563961562459 0.0 0.0 9979.563961562459
9979.563961562459 0.0 0.0 9979.563961562459
9979.563961562459 0.0 0.0 9979.563961562459
9979.563961562459 0.0 0.0 9979.563961562459
9979.563961562459 0.0 0.0 9979.563961562459
9979.563961562459 0.0 0.0 9979.563961562459
9979.563961562459 0.0 0.0 9979.563961562459
9979.563961562459 0.0 0.0 9979.563961562459
9979.563961562459 0.0 0.0 9979.563961562459
9979.563961562459 0.0 0.0 9979.563961562459
0.0 0.0 2.495598617166386 10072.46894058927
0.0 0.0 2.495598617166386 10062.877524069161
0.0 0.0 2.495598617166386 10067.59004529271
0.0 0.0 2.495598617166386 9514.683932662954
0.0 0.0 2.495598617166386 9099.576457842935
0.0 0.0 2.495598617166386 9099.815618545214
0.0 0.0 2.495598617166386 8983.75988618314
0.0 0.0 2.495598617166386 8814.35449188699
0.0 0.0 2.495598617166386 9125.867589274783
0.0 0.0 2.495598617166386 9037.238483219768
0.0 0.0 2.495598617166386 9037.635700164865
0.0 0.0 2.495598617166386 9064.999939002095
0.0 0.0 2.495598617166386 9210.064926455083
0.0 0.0 2.495598617166386 9243.647366011952
0.0 0.0 2.495598617166386 8855.450762115177
0.0 0.0 2.495598617166386 8834.46901674135
0.0 0.0 2.495598617166386 8952.585699291836
0.0 0.0 2.495598617166386 8900.3029082622
0.0 0.0 2.495598617166386 8949.840540812953
0.0 0.0 2.495598617166386 8928.727776511725
0.0 0.0 2.495598617166386 8925.009334572147
0.0 0.0 2.495598617166386 8870.60528471792
0.0 0.0 2.495598617166386 8606.271479187655
0.0 0.0 2.495598617166386 8538.940228496507
0.0 0.0 2.495598617166386 8659.72720156736
0.0 0.0 2.495598617166386 8596.863072400938
0.0 0.0 2.495598617166386 8673.028742196857
0.0 0.0 2.495598617166386 8750.117783481126
0.0 0.0 2.495598617166386 8624.838732899374
0.0 0.0 2.495598617166386 8615.679885974374
0.0 0.0 2.495598617166386 8653.088909245698
0.0 0.0 2.495598617166386 8499.26021048356
0.0 0.0 2.495598617166386 8471.958361611762
0.0 0.0 2.495598617166386 9136.586185335513
0.0 0.0 2.495598617166386 9144.821660772162
0.0 0.0 2.495598617166386 9199.500226474278
0.0 0.0 2.495598617166386 9057.700313046884
0.0 0.0 2.495598617166386 9065.062328967524
0.0 0.0 2.495598617166386 9020.341201747902
0.0 0.0 2.495598617166386 8984.928657370312
0.0 0.0 2.495598617166386 9004.618930459754
0.0 0.0 2.495598617166386 9032.943974764594
0.0 0.0 2.495598617166386 9160.69366797734
0.0 0.0 2.495598617166386 9759.787072014304
0.0 0.0 2.495598617166386 9799.04283826233
0.0 0.0 2.495598617166386 9950.400894393471
0.0 0.0 2.495598617166386 9844.837072887334
0.0 0.0 2.495598617166386 9941.167179509956
0.0 0.0 2.495598617166386 10330.780035621974
0.0 0.0 2.495598617166386 9400.645475017887
0.0 0.0 2.495598617166386 9603.88702639992
0.0 0.0 2.495598617166386 9561.76132174215
0.0 0.0 2.495598617166386 9566.203487280707
0.0 0.0 2.495598617166386 9608.25432397996
0.0 0.0 2.495598617166386 9569.672369358568
0.0 0.0 2.495598617166386 9561.736365755978
0.0 0.0 2.495598617166386 9519.660573070554
0.0 0.0 2.495598617166386 9311.028528675444
0.0 0.0 2.495598617166386 9663.581745322539
0.0 0.0 2.495598617166386 9675.061498961504
0.0 0.0 2.495598617166386 9699.942617174655
0.0 0.0 2.495598617166386 9672.840416192226
9479.383607868382 0.0 0.0 9479.383607868382
9479.383607868382 0.0 0.0 9479.383607868382
9479.383607868382 0.0 0.0 9479.383607868382
9479.383607868382 0.0 0.0 9479.383607868382
9479.383607868382 0.0 0.0 9479.383607868382
9479.383607868382 0.0 0.0 9479.383607868382
9479.383607868382 0.0 0.0 9479.383607868382
9479.383607868382 0.0 0.0 9479.383607868382
9479.383607868382 0.0 0.0 9479.383607868382
9479.383607868382 0.0 0.0 9479.383607868382
9479.383607868382 0.0 0.0 9479.383607868382
0.0 0.0 2.3065921111727983 9356.46023976134
0.0 0.0 2.3065921111727983 9208.69994911961
0.0 0.0 2.3065921111727983 9224.20024810669
0.0 0.0 2.3065921111727983 9253.863022656373
0.0 0.0 2.3065921111727983 9212.782617156385
0.0 0.0 2.3065921111727983 9078.492824443905
0.0 0.0 2.3065921111727983 9105.825940961302
0.0 0.0 2.3065921111727983 9338.261228004187
0.0 0.0 2.3065921111727983 9312.56579188572
0.0 0.0 2.3065921111727983 9492.895163137211
0.0 0.0 2.3065921111727983 9490.334845893807
0.0 0.0 2.3065921111727983 9489.689000102679
0.0 0.0 2.3065921111727983 9578.19293940838
0.0 0.0 2.3065921111727983 11262.812487803434
0.0 0.0 2.3065921111727983 11440.258618915957
0.0 0.0 2.3065921111727983 11328.227440076293
0.0 0.0 2.3065921111727983 11599.321210902433
0.0 0.0 2.3065921111727983 11656.40936565396
0.0 0.0 2.3065921111727983 11969.806035799009
0.0 0.0 2.3065921111727983 12152.764922057235
0.0 0.0 2.3065921111727983 11938.482514929283
0.0 0.0 2.3065921111727983 12248.41929690757
0.0 0.0 2.3065921111727983 11613.737411597263
0.0 0.0 2.3065921111727983 11700.99579116293
0.0 0.0 2.3065921111727983 11682.012538087978
0.0 0.0 2.3065921111727983 11884.738918738954
0.0 0.0 2.3065921111727983 11616.413058446224
0.0 0.0 2.3065921111727983 11986.551894526121
0.0 0.0 2.3065921111727983 12041.26425940314
0.0 0.0 2.3065921111727983 12170.295022102147
0.0 0.0 2.3065921111727983 12171.978834343303
0.0 0.0 2.3065921111727983 12246.343364007515
0.0 0.0 2.3065921111727983 12183.02741055582
0.0 0.0 2.3065921111727983 12402.984034277259
0.0 0.0 2.3065921111727983 12728.144324189288
0.0 0.0 2.3065921111727983 12534.459784614108
0.0 0.0 2.3065921111727983 11984.153038730501
0.0 0.0 2.3065921111727983 12208.399923778721
0.0 0.0 2.3065921111727983 12179.244599493497
0.0 0.0 2.3065921111727983 12227.913693039243
0.0 0.0 2.3065921111727983 12134.17378964118
0.0 0.0 2.3065921111727983 12155.256041537301
0.0 0.0 2.3065921111727983 12286.45500082081
0.0 0.0 2.3065921111727983 12432.90053395917
0.0 0.0 2.3065921111727983 13048.714495800084
0.0 0.0 2.3065921111727983 13311.527600947113
0.0 0.0 2.3065921111727983 13188.309450368262
0.0 0.0 2.3065921111727983 13111.753658198437
0.0 0.0 2.3065921111727983 13276.0983461195
0.0 0.0 2.3065921111727983 13693.591518241776
0.0 0.0 2.3065921111727983 14178.414114089184
0.0 0.0 2.3065921111727983 14642.292853567147
0.0 0.0 2.3065921111727983 16718.894665334905
0.0 0.0 2.3065921111727983 16096.852904793826
0.0 0.0 2.3065921111727983 18044.72381083703
0.0 0.0 2.3065921111727983 18435.875701049714
0.0 0.0 2.3065921111727983 18929.970797184036
0.0 0.0 2.3065921111727983 18189.69312502424
0.0 0.0 2.3065921111727983 16981.6385727186
0.0 0.0 2.3065921111727983 16757.507017275937
0.0 0.0 2.3065921111727983 18899.52378131656
0.0 0.0 2.3065921111727983 18468.95223192393
0.0 0.0 2.3065921111727983 18343.173764101677
0.0 0.0 2.3065921111727983 17589.90997835598
0.0 0.0 2.3065921111727983 18176.61474775389
0.0 0.0 2.3065921111727983 18460.25637966481
0.0 0.0 2.3065921111727983 18617.54289572568
0.0 0.0 2.3065921111727983 20169.81018878164
0.0 0.0 2.3065921111727983 20228.95121051211
0.0 0.0 2.3065921111727983 20113.20641837346
0.0 0.0 2.3065921111727983 19981.961327247725
0.0 0.0 2.3065921111727983 19081.190975992526
0.0 0.0 2.3065921111727983 19730.150666470992
0.0 0.0 2.3065921111727983 19732.434192661054
0.0 0.0 2.3065921111727983 20157.377657302422
0.0 0.0 2.3065921111727983 18763.942297021822
0.0 0.0 2.3065921111727983 17704.939726940167
0.0 0.0 2.3065921111727983 17959.218441275854
0.0 0.0 2.3065921111727983 17998.868759666915
0.0 0.0 2.3065921111727983 18448.79261687228
0.0 0.0 2.3065921111727983 18294.36627502926
0.0 0.0 2.3065921111727983 17623.770750547992
0.0 0.0 2.3065921111727983 18499.745236608087
0.0 0.0 2.3065921111727983 18262.627567579522
0.0 0.0 2.3065921111727983 18851.91572014195
0.0 0.0 2.3065921111727983 19001.42902078817
0.0 0.0 2.3065921111727983 20052.58917769184
0.0 0.0 2.3065921111727983 20435.18361117207
0.0 0.0 2.3065921111727983 20710.867500299442
0.0 0.0 2.3065921111727983 21514.691785122053
0.0 0.0 2.3065921111727983 20935.04518758433
0.0 0.0 2.3065921111727983 21409.09599827256
0.0 0.0 2.3065921111727983 21984.93671882685
0.0 0.0 2.3065921111727983 23548.875367965342
0.0 0.0 2.3065921111727983 24608.17779502145
0.0 0.0 2.3065921111727983 24944.594254436004
0.0 0.0 2.3065921111727983 25412.878584846305
0.0 0.0 2.3065921111727983 27140.285416903615
0.0 0.0 2.3065921111727983 29830.11780734777
0.0 0.0 2.3065921111727983 25678.94398487009
0.0 17.68360757588957 0.0 24916.203074428406
0.0 17.68360757588957 0.0 24916.203074428406
0.0 17.68360757588957 0.0 24581.98289124409
0.0 17.68360757588957 0.0 24598.782318441186
0.0 17.68360757588957 0.0 24995.77930851991
0.0 17.68360757588957 0.0 25020.536359126156
0.0 17.68360757588957 0.0 24556.341660259055
0.0 17.68360757588957 0.0 24556.341660259055
0.0 17.68360757588957 0.0 24556.341660259055
0.0 17.68360757588957 0.0 24758.818967002986
0.0 17.68360757588957 0.0 24607.624122229132
0.0 17.68360757588957 0.0 24903.824549125282
0.0 17.68360757588957 0.0 25000.20021041388
0.0 17.68360757588957 0.0 24891.446023822158
0.0 17.68360757588957 0.0 24891.446023822158
0.0 17.68360757588957 0.0 24891.446023822158
0.0 17.68360757588957 0.0 24976.32734018643
0.0 17.68360757588957 0.0 24931.23414086791
0.0 17.68360757588957 0.0 24940.075944655855
0.0 17.68360757588957 0.0 25065.629558444674
0.0 17.68360757588957 0.0 25459.089827008218
0.0 17.68360757588957 0.0 25459.089827008218
0.0 17.68360757588957 0.0 25459.089827008218
0.0 17.68360757588957 0.0 25247.770716476334
0.0 17.68360757588957 0.0 25208.866779809377
0.0 17.68360757588957 0.0 25233.623830415625
0.0 17.68360757588957 0.0 25041.75668821722
0.0 17.68360757588957 0.0 25117.79620079355
0.0 17.68360757588957 0.0 25117.79620079355
0.0 17.68360757588957 0.0 25117.79620079355
0.0 17.68360757588957 0.0 25093.923330566096
0.0 17.68360757588957 0.0 25215.05604246094
0.0 17.68360757588957 0.0 25244.233994961156
0.0 17.68360757588957 0.0 24877.29913776145
0.0 17.68360757588957 0.0 25495.341222538787
0.0 17.68360757588957 0.0 25495.341222538787
0.0 17.68360757588957 0.0 25495.341222538787
0.0 17.68360757588957 0.0 25910.906000572195
0.0 17.68360757588957 0.0 25910.906000572195
0.0 17.68360757588957 0.0 26632.39718966849
0.0 17.68360757588957 0.0 26450.256031636825
0.0 17.68360757588957 0.0 26484.739066409813
0.0 17.68360757588957 0.0 26484.739066409813
0.0 17.68360757588957 0.0 26484.739066409813
0.0 17.68360757588957 0.0 26608.52431944104
0.0 17.68360757588957 0.0 26497.117591712933
0.0 17.68360757588957 0.0 26759.719164214894
0.0 17.68360757588957 0.0 26802.15982239703
0.0 17.68360757588957 0.0 26795.086379366672
0.0 17.68360757588957 0.0 26795.086379366672
0.0 17.68360757588957 0.0 26795.086379366672
0.0 17.68360757588957 0.0 26465.28709807633
0.0 17.68360757588957 0.0 26605.871778304652
0.0 17.68360757588957 0.0 26582.883088455997
0.0 17.68360757588957 0.0 26561.66275936493
0.0 17.68360757588957 0.0 26592.609072622738
0.0 17.68360757588957 0.0 26592.609072622738
0.0 17.68360757588957 0.0 26592.609072622738
0.0 17.68360757588957 0.0 26592.609072622738
0.0 17.68360757588957 0.0 27108.08623345992
0.0 17.68360757588957 0.0 27182.357385278654
0.0 17.68360757588957 0.0 27236.292388385118
0.0 17.68360757588957 0.0 27027.62581898962
0.0 17.68360757588957 0.0 27027.62581898962
0.0 17.68360757588957 0.0 27027.62581898962
0.0 17.68360757588957 0.0 26984.300980428692
0.0 17.68360757588957 0.0 27194.735910581774
0.0 17.68360757588957 0.0 27340.625673082865
0.0 17.68360757588957 0.0 27040.00434429274
0.0 17.68360757588957 0.0 26944.51286338294
0.0 17.68360757588957 0.0 26944.51286338294
0.0 17.68360757588957 0.0 26944.51286338294
0.0 17.68360757588957 0.0 26688.100553532542
0.0 17.68360757588957 0.0 26494.46505057655
0.0 17.68360757588957 0.0 26360.06963299979
0.0 17.68360757588957 0.0 26794.202198987878
0.0 17.68360757588957 0.0 26580.230547319614
0.0 17.68360757588957 0.0 26580.230547319614
0.0 17.68360757588957 0.0 26580.230547319614
0.0 17.68360757588957 0.0 26475.897262621867
0.0 17.68360757588957 0.0 26562.546939743723
0.0 17.68360757588957 0.0 26587.30399034997
0.0 17.68360757588957 0.0 26537.78988913748
0.0 17.68360757588957 0.0 26559.01021822855
0.0 17.68360757588957 0.0 26559.01021822855
0.0 17.68360757588957 0.0 26559.01021822855
0.0 17.68360757588957 0.0 26916.219091261515
0.0 17.68360757588957 0.0 26890.577860276477
0.0 17.68360757588957 0.0 27033.81508164118
0.0 17.68360757588957 0.0 26638.58645232005
0.0 17.68360757588957 0.0 26346.806927317873
0.0 17.68360757588957 0.0 26346.806927317873
0.0 17.68360757588957 0.0 26346.806927317873
0.0 17.68360757588957 0.0 26265.46233246878
0.0 17.68360757588957 0.0 26055.91158269449
0.0 17.68360757588957 0.0 26394.552667772772
0.0 17.68360757588957 0.0 26827.801053382067
0.0 17.68360757588957 0.0 26510.38029739485
0.0 17.68360757588957 0.0 26510.38029739485
0.0 17.68360757588957 0.0 26510.38029739485
0.0 17.68360757588957 0.0 26547.51587330422
0.0 17.68360757588957 0.0 26628.86046815331
0.0 17.68360757588957 0.0 26653.617518759555
0.0 17.68360757588957 0.0 26433.45660443973
0.0 17.68360757588957 0.0 26156.70814587706
0.0 17.68360757588957 0.0 26156.70814587706
0.0 17.68360757588957 0.0 26156.70814587706
0.0 17.68360757588957 0.0 26359.185452620994
0.0 17.68360757588957 0.0 26309.671351408502
0.0 17.68360757588957 0.0 26261.9256109536
0.0 17.68360757588957 0.0 26395.43684815157
0.0 17.68360757588957 0.0 26348.575288075463
0.0 17.68360757588957 0.0 26348.575288075463
0.0 17.68360757588957 0.0 26348.575288075463
0.0 17.68360757588957 0.0 26377.75324057568
0.0 17.68360757588957 0.0 26266.346512847573
0.0 17.68360757588957 0.0 26427.26734178817
0.0 17.68360757588957 0.0 26464.40291769754
0.0 17.68360757588957 0.0 26763.255885730072
0.0 17.68360757588957 0.0 26763.255885730072
0.0 17.68360757588957 0.0 26763.255885730072
0.0 17.68360757588957 0.0 26391.015946257598
0.0 17.68360757588957 0.0 26291.10356345382
0.0 17.68360757588957 0.0 26385.710863984827
0.0 17.68360757588957 0.0 26719.046866790348
0.0 17.68360757588957 0.0 26681.027110502186
0.0 17.68360757588957 0.0 26681.027110502186
0.0 17.68360757588957 0.0 26681.027110502186
0.0 17.68360757588957 0.0 26692.521455426515
0.0 17.68360757588957 0.0 26330.007500120777
0.0 17.68360757588957 0.0 26278.725038150696
0.0 17.68360757588957 0.0 26246.894544514096
0.0 0.0 2.7265332373552433 25095.666284594623
0.0 0.0 2.7265332373552433 23900.89941998556
0.0 0.0 2.7265332373552433 24019.149166489653
0.0 0.0 2.7265332373552433 24640.00804996782
0.0 0.0 2.7265332373552433 23769.398721947913
0.0 0.0 2.7265332373552433 23997.636819246924
0.0 0.0 2.7265332373552433 23891.029369666332
0.0 0.0 2.7265332373552433 23536.307395486412
0.0 0.0 2.7265332373552433 23060.17289624707
0.0 0.0 2.7265332373552433 23128.363492513323
0.0 0.0 2.7265332373552433 23186.247793142375
0.0 0.0 2.7265332373552433 22292.108483284097
0.0 0.0 2.7265332373552433 22141.63111391446
0.0 0.0 2.7265332373552433 22035.32358298998
21594.61711133018 0.0 0.0 21594.61711133018
21594.61711133018 0.0 0.0 21594.61711133018
21594.61711133018 0.0 0.0 21594.61711133018
21594.61711133018 0.0 0.0 21594.61711133018
21594.61711133018 0.0 0.0 21594.61711133018
21594.61711133018 0.0 0.0 21594.61711133018
21594.61711133018 0.0 0.0 21594.61711133018
21594.61711133018 0.0 0.0 21594.61711133018
21594.61711133018 0.0 0.0 21594.61711133018
21594.61711133018 0.0 0.0 21594.61711133018
21594.61711133018 0.0 0.0 21594.61711133018
21594.61711133018 0.0 0.0 21594.61711133018
21594.61711133018 0.0 0.0 21594.61711133018
21594.61711133018 0.0 0.0 21594.61711133018
21594.61711133018 0.0 0.0 21594.61711133018
21594.61711133018 0.0 0.0 21594.61711133018
21594.61711133018 0.0 0.0 21594.61711133018
21594.61711133018 0.0 0.0 21594.61711133018
21594.61711133018 0.0 0.0 21594.61711133018
21594.61711133018 0.0 0.0 21594.61711133018
21594.61711133018 0.0 0.0 21594.61711133018
21594.61711133018 0.0 0.0 21594.61711133018
21594.61711133018 0.0 0.0 21594.61711133018
21594.61711133018 0.0 0.0 21594.61711133018
21594.61711133018 0.0 0.0 21594.61711133018
21594.61711133018 0.0 0.0 21594.61711133018
21594.61711133018 0.0 0.0 21594.61711133018
21594.61711133018 0.0 0.0 21594.61711133018
21594.61711133018 0.0 0.0 21594.61711133018
21594.61711133018 0.0 0.0 21594.61711133018
21594.61711133018 0.0 0.0 21594.61711133018
21594.61711133018 0.0 0.0 21594.61711133018
21594.61711133018 0.0 0.0 21594.61711133018
21594.61711133018 0.0 0.0 21594.61711133018
21594.61711133018 0.0 0.0 21594.61711133018
21594.61711133018 0.0 0.0 21594.61711133018
21594.61711133018 0.0 0.0 21594.61711133018
21594.61711133018 0.0 0.0 21594.61711133018
21594.61711133018 0.0 0.0 21594.61711133018
21594.61711133018 0.0 0.0 21594.61711133018
21594.61711133018 0.0 0.0 21594.61711133018
21594.61711133018 0.0 0.0 21594.61711133018
21594.61711133018 0.0 0.0 21594.61711133018
21594.61711133018 0.0 0.0 21594.61711133018
21594.61711133018 0.0 0.0 21594.61711133018
21594.61711133018 0.0 0.0 21594.61711133018
0.0 13.591512949665622 0.0 21309.453578133245
0.0 13.591512949665622 0.0 21365.178781226874
0.0 13.591512949665622 0.0 21077.038706693966
0.0 13.591512949665622 0.0 21115.77451860051
0.0 13.591512949665622 0.0 21115.77451860051
0.0 13.591512949665622 0.0 21115.77451860051
0.0 13.591512949665622 0.0 21065.485920686748
0.0 13.591512949665622 0.0 21000.24665852835
0.0 13.591512949665622 0.0 21053.253559032048
0.0 13.591512949665622 0.0 21128.686455902694
0.0 13.591512949665622 0.0 21170.140570399173
0.0 13.591512949665622 0.0 21170.140570399173
0.0 13.591512949665622 0.0 21170.140570399173
0.0 13.591512949665622 0.0 21204.798928420823
0.0 13.591512949665622 0.0 21084.51403881628
0.0 13.591512949665622 0.0 21160.62651133441
0.0 13.591512949665622 0.0 21242.175589032402
0.0 13.591512949665622 0.0 21261.203707161934
0.0 13.591512949665622 0.0 21261.203707161934
0.0 13.591512949665622 0.0 21261.203707161934
0.0 13.591512949665622 0.0 21475.94961176665
0.0 13.591512949665622 0.0 21393.04138277369
0.0 13.591512949665622 0.0 21385.566050651374
0.0 13.591512949665622 0.0 21450.805312809767
0.0 13.591512949665622 0.0 21531.67481486028
0.0 13.591512949665622 0.0 21531.67481486028
0.0 13.591512949665622 0.0 21531.67481486028
0.0 13.591512949665622 0.0 21403.23501748594
0.0 13.591512949665622 0.0 21180.334205111423
0.0 13.591512949665622 0.0 21111.697064715612
0.0 13.591512949665622 0.0 21247.612194212266
0.0 13.591512949665622 0.0 21374.692840291642
0.0 13.591512949665622 0.0 21374.692840291642
0.0 13.591512949665622 0.0 21374.692840291642
0.0 13.591512949665622 0.0 21382.168172413956
0.0 0.0 2.04216134491969 20125.07120030111
0.0 0.0 2.04216134491969 20983.98384036088
0.0 0.0 2.04216134491969 21145.15121370194
0.0 0.0 2.04216134491969 20916.69462404578
0.0 0.0 2.04216134491969 21174.21116964015
0.0 0.0 2.04216134491969 20225.913127513246
0.0 0.0 2.04216134491969 20294.325532568055
0.0 0.0 2.04216134491969 19816.990739806526
0.0 0.0 2.04216134491969 20790.52989615664
0.0 0.0 2.04216134491969 19614.38791277704
0.0 0.0 2.04216134491969 19618.75813805517
0.0 0.0 2.04216134491969 19801.980853921366
0.0 0.0 2.04216134491969 19746.944605675777
0.0 0.0 2.04216134491969 20399.946117327298
0.0 0.0 2.04216134491969 19734.936696967652
0.0 0.0 2.04216134491969 19010.78628405913
18630.570558377945 0.0 0.0 18630.570558377945
18630.570558377945 0.0 0.0 18630.570558377945
18630.570558377945 0.0 0.0 18630.570558377945
18630.570558377945 0.0 0.0 18630.570558377945
18630.570558377945 0.0 0.0 18630.570558377945
18630.570558377945 0.0 0.0 18630.570558377945
18630.570558377945 0.0 0.0 18630.570558377945
18630.570558377945 0.0 0.0 18630.570558377945
18630.570558377945 0.0 0.0 18630.570558377945
18630.570558377945 0.0 0.0 18630.570558377945
18630.570558377945 0.0 0.0 18630.570558377945
18630.570558377945 0.0 0.0 18630.570558377945
18630.570558377945 0.0 0.0 18630.570558377945
18630.570558377945 0.0 0.0 18630.570558377945
18630.570558377945 0.0 0.0 18630.570558377945
18630.570558377945 0.0 0.0 18630.570558377945
18630.570558377945 0.0 0.0 18630.570558377945
18630.570558377945 0.0 0.0 18630.570558377945
18630.570558377945 0.0 0.0 18630.570558377945
18630.570558377945 0.0 0.0 18630.570558377945
18630.570558377945 0.0 0.0 18630.570558377945
18630.570558377945 0.0 0.0 18630.570558377945
18630.570558377945 0.0 0.0 18630.570558377945
18630.570558377945 0.0 0.0 18630.570558377945
18630.570558377945 0.0 0.0 18630.570558377945
18630.570558377945 0.0 0.0 18630.570558377945
18630.570558377945 0.0 0.0 18630.570558377945
18630.570558377945 0.0 0.0 18630.570558377945
18630.570558377945 0.0 0.0 18630.570558377945
18630.570558377945 0.0 0.0 18630.570558377945
18630.570558377945 0.0 0.0 18630.570558377945
18630.570558377945 0.0 0.0 18630.570558377945
18630.570558377945 0.0 0.0 18630.570558377945
18630.570558377945 0.0 0.0 18630.570558377945
18630.570558377945 0.0 0.0 18630.570558377945
18630.570558377945 0.0 0.0 18630.570558377945
18630.570558377945 0.0 0.0 18630.570558377945
18630.570558377945 0.0 0.0 18630.570558377945
18630.570558377945 0.0 0.0 18630.570558377945
18630.570558377945 0.0 0.0 18630.570558377945
18630.570558377945 0.0 0.0 18630.570558377945
18630.570558377945 0.0 0.0 18630.570558377945
18630.570558377945 0.0 0.0 18630.570558377945
18630.570558377945 0.0 0.0 18630.570558377945
18630.570558377945 0.0 0.0 18630.570558377945
18630.570558377945 0.0 0.0 18630.570558377945
0.0 0.0 2.650366424823221 18328.264463229756
0.0 0.0 2.650366424823221 18175.31181685321
0.0 0.0 2.650366424823221 18213.185553063933
0.0 0.0 2.650366424823221 17555.49712474405
0.0 0.0 2.650366424823221 18850.121612277453
0.0 0.0 2.650366424823221 18645.03625832463
0.0 0.0 2.650366424823221 19239.964009704698
0.0 0.0 2.650366424823221 18897.21862364656
0.0 0.0 2.650366424823221 18129.142433732788
0.0 0.0 2.650366424823221 18161.68893342962
0.0 0.0 2.650366424823221 18899.73647175014
0.0 0.0 2.650366424823221 19818.37997825812
0.0 0.0 2.650366424823221 19896.512780461908
0.0 0.0 2.650366424823221 20008.994331531405
0.0 0.0 2.650366424823221 20405.88670364868
0.0 0.0 2.650366424823221 20648.103691213273
0.0 0.0 2.650366424823221 20580.9699096725
0.0 0.0 2.650366424823221 23263.935841521048
0.0 0.0 2.650366424823221 22869.402295521868
0.0 0.0 2.650366424823221 23388.582574480486
0.0 0.0 2.650366424823221 23783.911230407117
0.0 0.0 2.650366424823221 23598.73012830472
0.0 0.0 2.650366424823221 23550.970525329405
0.0 0.0 2.650366424823221 23935.353167921516
0.0 0.0 2.650366424823221 24305.95390510455
0.0 0.0 2.650366424823221 26510.23715696577
0.0 0.0 2.650366424823221 26031.36895132871
0.0 0.0 2.650366424823221 25251.074572196507
0.0 0.0 2.650366424823221 23202.526851457893
0.0 0.0 2.650366424823221 22838.870074307903
0.0 0.0 2.650366424823221 23361.734362597028
0.0 0.0 2.650366424823221 24664.12442375516
0.0 0.0 2.650366424823221 25947.908912611027
0.0 0.0 2.650366424823221 24657.92256632107
24164.76411499465 0.0 0.0 24164.76411499465
24164.76411499465 0.0 0.0 24164.76411499465
24164.76411499465 0.0 0.0 24164.76411499465
24164.76411499465 0.0 0.0 24164.76411499465
24164.76411499465 0.0 0.0 24164.76411499465
24164.76411499465 0.0 0.0 24164.76411499465
24164.76411499465 0.0 0.0 24164.76411499465
24164.76411499465 0.0 0.0 24164.76411499465
24164.76411499465 0.0 0.0 24164.76411499465
24164.76411499465 0.0 0.0 24164.76411499465
24164.76411499465 0.0 0.0 24164.76411499465
24164.76411499465 0.0 0.0 24164.76411499465
24164.76411499465 0.0 0.0 24164.76411499465
24164.76411499465 0.0 0.0 24164.76411499465
24164.76411499465 0.0 0.0 24164.76411499465
24164.76411499465 0.0 0.0 24164.76411499465
24164.76411499465 0.0 0.0 24164.76411499465
24164.76411499465 0.0 0.0 24164.76411499465
24164.76411499465 0.0 0.0 24164.76411499465
24164.76411499465 0.0 0.0 24164.76411499465
24164.76411499465 0.0 0.0 24164.76411499465
24164.76411499465 0.0 0.0 24164.76411499465
24164.76411499465 0.0 0.0 24164.76411499465
24164.76411499465 0.0 0.0 24164.76411499465
0.0 0.0 2.4217456942158537 23672.9274228141
0.0 0.0 2.4217456942158537 23956.22323412347
0.0 0.0 2.4217456942158537 22489.34764967999
0.0 0.0 2.4217456942158537 22909.641614911146
0.0 0.0 2.4217456942158537 22942.40783415389
0.0 0.0 2.4217456942158537 22595.05684923251
0.0 0.0 2.4217456942158537 22829.07013566459
0.0 0.0 2.4217456942158537 23069.54948310022
0.0 0.0 2.4217456942158537 22897.145407128995
0.0 0.0 2.4217456942158537 22716.047264115536
0.0 0.0 2.4217456942158537 22522.598218061572
0.0 0.0 2.4217456942158537 22661.315811426255
0.0 0.0 2.4217456942158537 22485.375986741477
0.0 0.0 2.4217456942158537 23471.31709377063
0.0 0.0 2.4217456942158537 23300.801979440894
0.0 12.801845333002229 0.0 22487.081419685062
0.0 12.801845333002229 0.0 22372.504903954694
0.0 12.801845333002229 0.0 22372.504903954694
0.0 12.801845333002229 0.0 22372.504903954694
0.0 12.801845333002229 0.0 22679.749191946747
0.0 12.801845333002229 0.0 22634.942733281237
0.0 12.801845333002229 0.0 22672.708177013596
0.0 12.801845333002229 0.0 22754.639987144812
0.0 12.801845333002229 0.0 22696.39159087965
0.0 12.801845333002229 0.0 22696.39159087965
0.0 12.801845333002229 0.0 22696.39159087965
0.0 12.801845333002229 0.0 22888.419270874685
0.0 12.801845333002229 0.0 22909.542315674138
0.0 12.801845333002229 0.0 23185.422082600337
0.0 12.801845333002229 0.0 23198.223927933337
0.0 12.801845333002229 0.0 23083.007319936318
0.0 12.801845333002229 0.0 23083.007319936318
0.0 12.801845333002229 0.0 23083.007319936318
0.0 12.801845333002229 0.0 23139.33543940153
0.0 12.801845333002229 0.0 23067.645105536718
0.0 12.801845333002229 0.0 23102.210087935822
0.0 12.801845333002229 0.0 23141.89580846813
0.0 12.801845333002229 0.0 23137.415162601577
0.0 12.801845333002229 0.0 23137.415162601577
0.0 12.801845333002229 0.0 23137.415162601577
0.0 12.801845333002229 0.0 23243.670478865497
0.0 12.801845333002229 0.0 23588.040118323257
0.0 12.801845333002229 0.0 23714.13829485333
0.0 12.801845333002229 0.0 24045.706088978084
0.0 12.801845333002229 0.0 24350.390007903537
0.0 12.801845333002229 0.0 24350.390007903537
0.0 12.801845333002229 0.0 24350.390007903537
0.0 12.801845333002229 0.0 24792.69376415877
0.0 12.801845333002229 0.0 24847.101606824028
0.0 12.801845333002229 0.0 24975.120060154048
0.0 12.801845333002229 0.0 25061.532516151816
0.0 12.801845333002229 0.0 25154.34589481608
0.0 12.801845333002229 0.0 25154.34589481608
0.0 12.801845333002229 0.0 25154.34589481608
0.0 12.801845333002229 0.0 25073.054176951515
0.0 12.801845333002229 0.0 25320.76988414511
0.0 12.801845333002229 0.0 26220.099518788516
0.0 12.801845333002229 0.0 26463.33458011556
0.0 12.801845333002229 0.0 26002.46814812748
0.0 12.801845333002229 0.0 26002.46814812748
0.0 12.801845333002229 0.0 26002.46814812748
0.0 12.801845333002229 0.0 26173.372783323055
0.0 12.801845333002229 0.0 24831.099300157774
0.0 12.801845333002229 0.0 24731.884998827005
0.0 12.801845333002229 0.0 24889.987788689585
0.0 12.801845333002229 0.0 24896.388711356085
0.0 12.801845333002229 0.0 24896.388711356085
0.0 12.801845333002229 0.0 24896.388711356085
0.0 12.801845333002229 0.0 25256.120565213445
0.0 12.801845333002229 0.0 25715.706812668228
0.0 0.0 2.0302530474623284 24301.174759191766
0.0 0.0 2.0302530474623284 23822.98925892296
0.0 0.0 2.0302530474623284 24090.617215639446
0.0 0.0 2.0302530474623284 23394.199815298914
0.0 0.0 2.0302530474623284 23720.339664843268
0.0 0.0 2.0302530474623284 23658.579367139464
0.0 0.0 2.0302530474623284 23883.754732633508
0.0 0.0 2.0302530474623284 23017.790900299402
0.0 0.0 2.0302530474623284 23281.662888878083
0.0 0.0 2.0302530474623284 22945.94024494971
0.0 0.0 2.0302530474623284 23418.461339216094
0.0 0.0 2.0302530474623284 23310.634599865367
0.0 0.0 2.0302530474623284 23769.7560240185
0.0 0.0 2.0302530474623284 23671.87752460034
23198.439974108333 0.0 0.0 23198.439974108333
23198.439974108333 0.0 0.0 23198.439974108333
23198.439974108333 0.0 0.0 23198.439974108333
23198.439974108333 0.0 0.0 23198.439974108333
23198.439974108333 0.0 0.0 23198.439974108333
23198.439974108333 0.0 0.0 23198.439974108333
23198.439974108333 0.0 0.0 23198.439974108333
23198.439974108333 0.0 0.0 23198.439974108333
23198.439974108333 0.0 0.0 23198.439974108333
23198.439974108333 0.0 0.0 23198.439974108333
23198.439974108333 0.0 0.0 23198.439974108333
23198.439974108333 0.0 0.0 23198.439974108333
23198.439974108333 0.0 0.0 23198.439974108333
23198.439974108333 0.0 0.0 23198.439974108333
23198.439974108333 0.0 0.0 23198.439974108333
23198.439974108333 0.0 0.0 23198.439974108333
23198.439974108333 0.0 0.0 23198.439974108333
23198.439974108333 0.0 0.0 23198.439974108333
23198.439974108333 0.0 0.0 23198.439974108333
23198.439974108333 0.0 0.0 23198.439974108333
23198.439974108333 0.0 0.0 23198.439974108333
23198.439974108333 0.0 0.0 23198.439974108333
23198.439974108333 0.0 0.0 23198.439974108333
23198.439974108333 0.0 0.0 23198.439974108333
23198.439974108333 0.0 0.0 23198.439974108333
23198.439974108333 0.0 0.0 23198.439974108333
23198.439974108333 0.0 0.0 23198.439974108333
23198.439974108333 0.0 0.0 23198.439974108333
23198.439974108333 0.0 0.0 23198.439974108333
23198.439974108333 0.0 0.0 23198.439974108333
23198.439974108333 0.0 0.0 23198.439974108333
23198.439974108333 0.0 0.0 23198.439974108333
23198.439974108333 0.0 0.0 23198.439974108333
23198.439974108333 0.0 0.0 23198.439974108333
23198.439974108333 0.0 0.0 23198.439974108333
23198.439974108333 0.0 0.0 23198.439974108333
23198.439974108333 0.0 0.0 23198.439974108333
23198.439974108333 0.0 0.0 23198.439974108333
23198.439974108333 0.0 0.0 23198.439974108333
0.0 0.0 2.0557875804417165 23235.888611831175
0.0 0.0 2.0557875804417165 23387.893545529038
0.0 0.0 2.0557875804417165 23723.87090980063
0.0 0.0 2.0557875804417165 23494.03385830724
0.0 0.0 2.0557875804417165 23500.365684055003
0.0 0.0 2.0557875804417165 23649.225262754786
0.0 0.0 2.0557875804417165 23287.077722584174
0.0 0.0 2.0557875804417165 23367.130090966577
0.0 0.0 2.0557875804417165 23658.414633239365
0.0 0.0 2.0557875804417165 24172.279296846573
0.0 0.0 2.0557875804417165 24516.21255905447
0.0 0.0 2.0557875804417165 26378.96168569271
0.0 0.0 2.0557875804417165 26705.194616833007
0.0 0.0 2.0557875804417165 26611.18345077941
0.0 0.0 2.0557875804417165 26989.325018325857
0.0 0.0 2.0557875804417165 26800.829855075157
0.0 0.0 2.0557875804417165 26882.23904326065
0.0 0.0 2.0557875804417165 28064.522480772677
0.0 0.0 2.0557875804417165 27319.36115648997
0.0 0.0 2.0557875804417165 27668.14607738771
0.0 0.0 2.0557875804417165 27886.182908169358
0.0 0.0 2.0557875804417165 28391.084337925844
0.0 0.0 2.0557875804417165 28285.334624787924
0.0 0.0 2.0557875804417165 27907.665888384978
0.0 0.0 2.0557875804417165 28828.946534684128
0.0 0.0 2.0557875804417165 29100.886115824957
0.0 0.0 2.0557875804417165 32052.58592382317
0.0 0.0 2.0557875804417165 32061.59027342551
0.0 0.0 2.0557875804417165 30507.5587677422
0.0 0.0 2.0557875804417165 31845.383093590455
0.0 0.0 2.0557875804417165 31512.201600428267
0.0 0.0 2.0557875804417165 31488.58060112899
0.0 0.0 2.0557875804417165 32293.64757550577
0.0 0.0 2.0557875804417165 33500.23042221862
0.0 0.0 2.0557875804417165 33590.19168673875
0.0 0.0 2.0557875804417165 33079.82186201829
0.0 0.0 2.0557875804417165 32827.145010506196
0.0 0.0 2.0557875804417165 34383.35565102478
0.0 0.0 2.0557875804417165 36345.74880168703
0.0 0.0 2.0557875804417165 36589.83246111287
0.0 0.0 2.0557875804417165 36635.30648239224
0.0 0.0 2.0557875804417165 38417.427620125556
0.0 0.0 2.0557875804417165 38442.71380736499
0.0 0.0 2.0557875804417165 37872.29442741982
0.0 0.0 2.0557875804417165 37824.2506716649
0.0 0.0 2.0557875804417165 39414.62850177042
0.0 0.0 2.0557875804417165 38525.04809996168
0.0 0.0 2.0557875804417165 35259.71733869127
0.0 0.0 2.0557875804417165 35233.87608880512
0.0 0.0 2.0557875804417165 36454.0888071763
0.0 0.0 2.0557875804417165 37398.065348363525
0.0 0.0 2.0557875804417165 40519.01814785951
0.0 0.0 2.0557875804417165 38633.42922120257
0.0 0.0 2.0557875804417165 39526.56613552547
0.0 0.0 2.0557875804417165 39994.40171520659
0.0 0.0 2.0557875804417165 38382.56146276127
0.0 0.0 2.0557875804417165 39378.734450615906
0.0 0.0 2.0557875804417165 39836.35276602223
0.0 0.0 2.0557875804417165 39432.90445336055
0.0 0.0 2.0557875804417165 37659.70543372635
0.0 0.0 2.0557875804417165 38143.39113565268
0.0 0.0 2.0557875804417165 37513.518378881134
0.0 0.0 2.0557875804417165 37064.534371312664
0.0 0.0 2.0557875804417165 38655.87842158099
0.0 0.0 2.0557875804417165 39398.09996962367
0.0 0.0 2.0557875804417165 39628.57431526699
0.0 0.0 2.0557875804417165 39963.99661689186
0.0 0.0 2.0557875804417165 43951.669460302066
0.0 0.0 2.0557875804417165 46969.5245126389
0.0 0.0 2.0557875804417165 47593.106559414286
0.0 0.0 2.0557875804417165 49071.48508213733
0.0 0.0 2.0557875804417165 48291.64262137258
0.0 0.0 2.0557875804417165 46759.875295185455
0.0 0.0 2.0557875804417165 48979.11854614809
0.0 0.0 2.0557875804417165 47803.989249415994
0.0 0.0 2.0557875804417165 48754.09203759294
0.0 0.0 2.0557875804417165 50764.75508064397
0.0 0.0 2.0557875804417165 54361.6227050122
0.0 0.0 2.0557875804417165 53957.393193069955
0.0 0.0 2.0557875804417165 55581.69151825275
0.0 0.0 2.0557875804417165 56280.001443577195
0.0 0.0 2.0557875804417165 59323.01933589863
0.0 0.0 2.0557875804417165 59581.986897406874
0.0 0.0 2.0557875804417165 60427.3061926087
0.0 0.0 2.0557875804417165 66187.02681460806
0.0 0.0 2.0557875804417165 67842.59366888939
0.0 0.0 2.0557875804417165 65857.2168130778
0.0 0.0 2.0557875804417165 69992.72134139757
0.0 0.0 2.0557875804417165 75777.17308798966
0.0 0.0 2.0557875804417165 81174.91063282483
0.0 0.0 2.0557875804417165 83609.39484345973
0.0 0.0 2.0557875804417165 82726.37240403259
0.0 0.0 2.0557875804417165 78613.50209697348
0.0 41.29297473500695 0.0 76030.68973083155
0.0 41.29297473500695 0.0 76757.44608616766
0.0 41.29297473500695 0.0 76051.33621819905
0.0 41.29297473500695 0.0 75937.78053767778
0.0 41.29297473500695 0.0 75937.78053767778
0.0 41.29297473500695 0.0 75937.78053767778
0.0 41.29297473500695 0.0 75692.0873380045
0.0 41.29297473500695 0.0 75760.22074631725
0.0 41.29297473500695 0.0 76664.5368930139
0.0 41.29297473500695 0.0 76891.64825405643
0.0 41.29297473500695 0.0 76503.49429154738
0.0 41.29297473500695 0.0 76503.49429154738
0.0 41.29297473500695 0.0 76503.49429154738
0.0 41.29297473500695 0.0 76674.86013669765
75908.11153533067 0.0 0.0 75908.11153533067
75908.11153533067 0.0 0.0 75908.11153533067
75908.11153533067 0.0 0.0 75908.11153533067
75908.11153533067 0.0 0.0 75908.11153533067
75908.11153533067 0.0 0.0 75908.11153533067
75908.11153533067 0.0 0.0 75908.11153533067
75908.11153533067 0.0 0.0 75908.11153533067
75908.11153533067 0.0 0.0 75908.11153533067
75908.11153533067 0.0 0.0 75908.11153533067
75908.11153533067 0.0 0.0 75908.11153533067
75908.11153533067 0.0 0.0 75908.11153533067
75908.11153533067 0.0 0.0 75908.11153533067
75908.11153533067 0.0 0.0 75908.11153533067
75908.11153533067 0.0 0.0 75908.11153533067
75908.11153533067 0.0 0.0 75908.11153533067
75908.11153533067 0.0 0.0 75908.11153533067
75908.11153533067 0.0 0.0 75908.11153533067
0.0 0.0 1.6582609583122632 79618.71353061084
0.0 0.0 1.6582609583122632 78719.96925642477
0.0 0.0 1.6582609583122632 78245.35838754622
0.0 0.0 1.6582609583122632 80791.08744552804
0.0 0.0 1.6582609583122632 79516.68073384589
0.0 0.0 1.6582609583122632 81520.27453672669
0.0 0.0 1.6582609583122632 86425.62602533895
0.0 0.0 1.6582609583122632 85579.78027572302
0.0 0.0 1.6582609583122632 92724.14887546767
0.0 0.0 1.6582609583122632 92864.60357863671
0.0 0.0 1.6582609583122632 95329.87381492121
0.0 0.0 1.6582609583122632 89750.72115111795
0.0 0.0 1.6582609583122632 81056.5086945155
0.0 0.0 1.6582609583122632 83949.19569280499
0.0 0.0 1.6582609583122632 77607.3093186164
0.0 0.0 1.6582609583122632 76844.32686908735
0.0 0.0 1.6582609583122632 76538.47721793625
0.0 0.0 1.6582609583122632 74810.65221242278
0.0 0.0 1.6582609583122632 82280.30528174996
0.0 0.0 1.6582609583122632 80186.93323058613
0.0 0.0 1.6582609583122632 83705.19917539893
0.0 0.0 1.6582609583122632 80340.9359257846
0.0 0.0 1.6582609583122632 81024.91882325965
0.0 0.0 1.6582609583122632 81058.43227722714
79437.2636316826 0.0 0.0 79437.2636316826
79437.2636316826 0.0 0.0 79437.2636316826
79437.2636316826 0.0 0.0 79437.2636316826
79437.2636316826 0.0 0.0 79437.2636316826
79437.2636316826 0.0 0.0 79437.2636316826
79437.2636316826 0.0 0.0 79437.2636316826
79437.2636316826 0.0 0.0 79437.2636316826
79437.2636316826 0.0 0.0 79437.2636316826
79437.2636316826 0.0 0.0 79437.2636316826
79437.2636316826 0.0 0.0 79437.2636316826
79437.2636316826 0.0 0.0 79437.2636316826
79437.2636316826 0.0 0.0 79437.2636316826
79437.2636316826 0.0 0.0 79437.2636316826
79437.2636316826 0.0 0.0 79437.2636316826
79437.2636316826 0.0 0.0 79437.2636316826
79437.2636316826 0.0 0.0 79437.2636316826
79437.2636316826 0.0 0.0 79437.2636316826
79437.2636316826 0.0 0.0 79437.2636316826
79437.2636316826 0.0 0.0 79437.2636316826
79437.2636316826 0.0 0.0 79437.2636316826
79437.2636316826 0.0 0.0 79437.2636316826
79437.2636316826 0.0 0.0 79437.2636316826
79437.2636316826 0.0 0.0 79437.2636316826
79437.2636316826 0.0 0.0 79437.2636316826
79437.2636316826 0.0 0.0 79437.2636316826
79437.2636316826 0.0 0.0 79437.2636316826
79437.2636316826 0.0 0.0 79437.2636316826
79437.2636316826 0.0 0.0 79437.2636316826
79437.2636316826 0.0 0.0 79437.2636316826
79437.2636316826 0.0 0.0 79437.2636316826
79437.2636316826 0.0 0.0 79437.2636316826
79437.2636316826 0.0 0.0 79437.2636316826
79437.2636316826 0.0 0.0 79437.2636316826
79437.2636316826 0.0 0.0 79437.2636316826
79437.2636316826 0.0 0.0 79437.2636316826
79437.2636316826 0.0 0.0 79437.2636316826
79437.2636316826 0.0 0.0 79437.2636316826
79437.2636316826 0.0 0.0 79437.2636316826
79437.2636316826 0.0 0.0 79437.2636316826
79437.2636316826 0.0 0.0 79437.2636316826
79437.2636316826 0.0 0.0 79437.2636316826
79437.2636316826 0.0 0.0 79437.2636316826
79437.2636316826 0.0 0.0 79437.2636316826
79437.2636316826 0.0 0.0 79437.2636316826
79437.2636316826 0.0 0.0 79437.2636316826
79437.2636316826 0.0 0.0 79437.2636316826
79437.2636316826 0.0 0.0 79437.2636316826
79437.2636316826 0.0 0.0 79437.2636316826
79437.2636316826 0.0 0.0 79437.2636316826
79437.2636316826 0.0 0.0 79437.2636316826
79437.2636316826 0.0 0.0 79437.2636316826
79437.2636316826 0.0 0.0 79437.2636316826
79437.2636316826 0.0 0.0 79437.2636316826
79437.2636316826 0.0 0.0 79437.2636316826
79437.2636316826 0.0 0.0 79437.2636316826
79437.2636316826 0.0 0.0 79437.2636316826
79437.2636316826 0.0 0.0 79437.2636316826
79437.2636316826 0.0 0.0 79437.2636316826
79437.2636316826 0.0 0.0 79437.2636316826
79437.2636316826 0.0 0.0 79437.2636316826
79437.2636316826 0.0 0.0 79437.2636316826
79437.2636316826 0.0 0.0 79437.2636316826
79437.2636316826 0.0 0.0 79437.2636316826
79437.2636316826 0.0 0.0 79437.2636316826
79437.2636316826 0.0 0.0 79437.2636316826
79437.2636316826 0.0 0.0 79437.2636316826
79437.2636316826 0.0 0.0 79437.2636316826
79437.2636316826 0.0 0.0 79437.2636316826
79437.2636316826 0.0 0.0 79437.2636316826
79437.2636316826 0.0 0.0 79437.2636316826
79437.2636316826 0.0 0.0 79437.2636316826
79437.2636316826 0.0 0.0 79437.2636316826
0.0 42.13245269638295 0.0 79565.03029448439
0.0 42.13245269638295 0.0 79137.38589961609
0.0 42.13245269638295 0.0 79036.26801314477
0.0 42.13245269638295 0.0 79036.26801314477
0.0 42.13245269638295 0.0 79036.26801314477
0.0 42.13245269638295 0.0 79215.3309371044
0.0 42.13245269638295 0.0 79503.93823807462
0.0 42.13245269638295 0.0 80041.1270099535
0.0 42.13245269638295 0.0 79691.42765257353
0.0 42.13245269638295 0.0 80049.55350049278
0.0 42.13245269638295 0.0 80049.55350049278
0.0 42.13245269638295 0.0 80049.55350049278
0.0 42.13245269638295 0.0 80049.55350049278
0.0 42.13245269638295 0.0 80024.27402887495
0.0 42.13245269638295 0.0 80167.52436804265
0.0 42.13245269638295 0.0 78642.3295804336
0.0 42.13245269638295 0.0 79655.6150677816
0.0 42.13245269638295 0.0 79655.6150677816
0.0 42.13245269638295 0.0 79655.6150677816
0.0 42.13245269638295 0.0 79562.92367184957
0.0 42.13245269638295 0.0 79763.05282215738
0.0 42.13245269638295 0.0 79824.14487856712
0.0 42.13245269638295 0.0 79573.45678502366
0.0 42.13245269638295 0.0 79253.25014453115
0.0 42.13245269638295 0.0 79253.25014453115
0.0 42.13245269638295 0.0 79253.25014453115
0.0 42.13245269638295 0.0 78602.30375037203
0.0 42.13245269638295 0.0 78581.23752402383
0.0 42.13245269638295 0.0 78397.96135479458
0.0 42.13245269638295 0.0 74940.99361105636
0.0 42.13245269638295 0.0 74705.0518759566
0.0 42.13245269638295 0.0 74705.0518759566
0.0 42.13245269638295 0.0 74705.0518759566
0.0 42.13245269638295 0.0 74787.21015871454
0.0 42.13245269638295 0.0 74787.21015871454
0.0 42.13245269638295 0.0 75484.50225083968
0.0 42.13245269638295 0.0 75200.1081951391
0.0 42.13245269638295 0.0 75275.94660999259
0.0 42.13245269638295 0.0 75275.94660999259
0.0 42.13245269638295 0.0 75275.94660999259
0.0 42.13245269638295 0.0 75008.40553537056
0.0 42.13245269638295 0.0 73961.41408586544
0.0 42.13245269638295 0.0 74285.8339716276
0.0 42.13245269638295 0.0 75058.96447860623
0.0 42.13245269638295 0.0 75254.88038364441
0.0 42.13245269638295 0.0 75254.88038364441
0.0 42.13245269638295 0.0 75254.88038364441
0.0 42.13245269638295 0.0 75473.9691376656
0.0 42.13245269638295 0.0 76253.41951254867
0.0 42.13245269638295 0.0 76034.33075852749
0.0 42.13245269638295 0.0 76162.83473925146
75401.20639185894 0.0 0.0 75401.20639185894
75401.20639185894 0.0 0.0 75401.20639185894
75401.20639185894 0.0 0.0 75401.20639185894
75401.20639185894 0.0 0.0 75401.20639185894
75401.20639185894 0.0 0.0 75401.20639185894
75401.20639185894 0.0 0.0 75401.20639185894
75401.20639185894 0.0 0.0 75401.20639185894
75401.20639185894 0.0 0.0 75401.20639185894
75401.20639185894 0.0 0.0 75401.20639185894
75401.20639185894 0.0 0.0 75401.20639185894
75401.20639185894 0.0 0.0 75401.20639185894
75401.20639185894 0.0 0.0 75401.20639185894
75401.20639185894 0.0 0.0 75401.20639185894
75401.20639185894 0.0 0.0 75401.20639185894
75401.20639185894 0.0 0.0 75401.20639185894
75401.20639185894 0.0 0.0 75401.20639185894
0.0 0.0 2.201285386223587 75458.61019138964
0.0 0.0 2.201285386223587 77848.89794087439
0.0 0.0 2.201285386223587 82147.87622304588
0.0 0.0 2.201285386223587 86743.74186525734
0.0 0.0 2.201285386223587 88056.98470097061
0.0 0.0 2.201285386223587 88064.46907128378
0.0 0.0 2.201285386223587 92925.39148685044
0.0 0.0 2.201285386223587 91703.47998181157
0.0 0.0 2.201285386223587 88052.42804022113
0.0 0.0 2.201285386223587 86277.0473505241
0.0 0.0 2.201285386223587 83952.62205979516
0.0 0.0 2.201285386223587 87501.40228234165
0.0 0.0 2.201285386223587 89992.94915959268
0.0 0.0 2.201285386223587 94272.13788614201
0.0 0.0 2.201285386223587 98252.45809580378
0.0 0.0 2.201285386223587 96451.82866272675
0.0 0.0 2.201285386223587 101993.1683911751
0.0 0.0 2.201285386223587 100397.03837047826
0.0 0.0 2.201285386223587 100403.84034232168
0.0 0.0 2.201285386223587 97776.2100024943
0.0 0.0 2.201285386223587 105296.24113891134
0.0 0.0 2.201285386223587 103707.375359989
0.0 0.0 2.201285386223587 103584.58766114546
0.0 0.0 2.201285386223587 101220.7153362954
0.0 0.0 2.201285386223587 98284.24465678085
0.0 0.0 2.201285386223587 98568.8488443657
0.0 0.0 2.201285386223587 102876.30207527416
0.0 0.0 2.201285386223587 108584.45521029053
0.0 0.0 2.201285386223587 107713.34054440027
0.0 0.0 2.201285386223587 108601.91140340328
0.0 0.0 2.201285386223587 109015.35682464381
0.0 0.0 2.201285386223587 105099.44622538294
0.0 0.0 2.201285386223587 107801.54604982624
0.0 0.0 2.201285386223587 103378.52533614107
0.0 0.0 2.201285386223587 107988.14901201642
0.0 0.0 2.201285386223587 107637.68236567578
0.0 0.0 2.201285386223587 107437.65156262963
0.0 0.0 2.201285386223587 103625.00326083651
0.0 0.0 2.201285386223587 103803.52750565925
0.0 0.0 2.201285386223587 107560.87951855043
0.0 0.0 2.201285386223587 108587.22882987717
0.0 0.0 2.201285386223587 110142.04072387463
0.0 0.0 2.201285386223587 109948.43767415624
0.0 0.0 2.201285386223587 113958.47523653203
0.0 0.0 2.201285386223587 115957.99080425438
0.0 0.0 2.201285386223587 103040.34186225553
0.0 0.0 2.201285386223587 101431.6645148572
0.0 0.0 2.201285386223587 102070.71967533177
