1265
160912 1324.6
160913 1323.65
160914 1321.75
160915 1310.8
160916 1308.35
160919 1314.85
160920 1313.8
160921 1326.1
160922 1339.1
160923 1338.65
160926 1340.5
160927 1327.0
160928 1322.5
160929 1318.1
160930 1322.5
161003 1313.3
161004 1283.3
161005 1269.4
161006 1254.5
161007 1258.75
161010 1259.5
161011 1253.45
161012 1256.5
161013 1261.05
161014 1251.75
161017 1254.8
161018 1258.2
161019 1269.05
161020 1271.65
161021 1266.05
161024 1265.55
161025 1269.4
161026 1270.5
161027 1266.25
161028 1273.0
161031 1272.0
161101 1288.45
161102 1303.75
161103 1301.0
161104 1302.8
161107 1283.05
161108 1282.35
161109 1281.4
161110 1267.5
161111 1236.45
161114 1213.6
161115 1226.95
161116 1229.2
161117 1226.75
161118 1211.0
161121 1214.25
161122 1212.25
161123 1185.35
161124 1186.1
161125 1187.7
161128 1187.0
161129 1186.55
161130 1178.1
161201 1161.85
161202 1173.5
161205 1162.2
161206 1172.5
161207 1177.65
161208 1171.05
161209 1163.6
161212 1156.1
161213 1158.55
161214 1162.25
161215 1126.95
161216 1131.6
161219 1136.25
161220 1125.7
161221 1133.65
161222 1131.35
161223 1132.975
161228 1134.6
161229 1145.9
161230 1148.45
170103 1151.0
170104 1164.25
170105 1176.7
170106 1175.85
170109 1178.5
170110 1189.5
170111 1178.55
170112 1205.05
170113 1190.35
170116 1203.0
170117 1216.05
170118 1214.75
170119 1196.05
170120 1200.55
170123 1212.85
170124 1216.8
170125 1195.0
170126 1189.7
170127 1184.85
170130 1192.8
170131 1212.8
170201 1203.65
170202 1221.95
170203 1215.2
170206 1226.75
170207 1231.0
170208 1242.1
170209 1236.8
170210 1228.3
170213 1222.25
170214 1230.75
170215 1224.4
170216 1240.55
170217 1241.95
170220 1237.3
170221 1233.2
170222 1236.65
170223 1247.9
170224 1253.65
170227 1257.2
170228 1255.6
170301 1240.4
170302 1238.1
170303 1226.5
170306 1230.95
170307 1216.65
170308 1209.2
170309 1206.55
170310 1202.65
170313 1204.2
170314 1204.6
170315 1198.8
170316 1229.35
170317 1229.6
170320 1232.4
170321 1241.6
170322 1249.05
170323 1247.5
170324 1247.5
170327 1257.55
170328 1257.25
170329 1251.1
170330 1248.8
170331 1244.85
170403 1247.25
170404 1257.65
170405 1245.8
170406 1252.5
170407 1266.45
170410 1250.05
170411 1252.9
170412 1274.3
170413 1284.15
170418 1278.95
170419 1279.05
170420 1282.1
170421 1281.85
170424 1269.4
170425 1267.8
170426 1261.85
170427 1262.8
170428 1266.45
170502 1255.45
170503 1250.3
170504 1228.45
170505 1228.05
170508 1229.8
170509 1220.4
170510 1222.95
170511 1223.15
170512 1231.25
170515 1233.3
170516 1234.2
170517 1257.4
170518 1255.9
170519 1252.0
170522 1258.85
170523 1260.2
170524 1252.55
170525 1256.95
170526 1265.05
170530 1262.7
170531 1266.2
170601 1264.85
170602 1274.95
170605 1279.95
170606 1293.5
170607 1291.0
170608 1273.1
170609 1266.55
170612 1266.4
170613 1262.0
170614 1275.5
170615 1254.55
170616 1255.4
170619 1248.15
170620 1242.2
170621 1242.5
170622 1250.8
170623 1255.7
170626 1245.25
170627 1249.55
170628 1248.0
170629 1243.5
170630 1242.25
170703 1229.25
170704 1223.75
170705 1220.3
170706 1224.9
170707 1215.65
170710 1211.9
170711 1211.05
170712 1218.8
170713 1218.9
170714 1230.3
170717 1234.1
170718 1240.75
170719 1242.15
170720 1238.7
170721 1248.55
170724 1255.55
170725 1254.4
170726 1248.1
170727 1261.1
170728 1264.9
170731 1267.55
170801 1270.95
170802 1269.6
170803 1268.1
170804 1257.7
170807 1258.0
170808 1261.8
170809 1271.05
170810 1284.4
170811 1286.1
170814 1282.3
170815 1270.3
170816 1272.75
170817 1285.15
170818 1295.8
170821 1292.9
170822 1284.2
170823 1286.65
170824 1289.0
170825 1285.3
170829 1318.65
170830 1308.5
170831 1311.75
170901 1320.4
170904 1333.1
170905 1335.55
170906 1337.85
170907 1343.5
170908 1346.25
170911 1334.2
170912 1326.5
170913 1327.55
170914 1324.55
170915 1322.85
170918 1312.1
170919 1309.6
170920 1311.3
170921 1292.1
170922 1294.8
170925 1293.3
170926 1300.05
170927 1282.55
170928 1283.35
170929 1283.1
171002 1273.7
171003 1271.25
171004 1274.25
171005 1274.5
171006 1261.8
171009 1278.75
171010 1291.4
171011 1289.25
171012 1290.25
171013 1299.6
171016 1303.3
171017 1284.75
171018 1280.2
171019 1286.4
171020 1281.2
171023 1274.9
171024 1276.45
171025 1275.0
171026 1273.75
171027 1266.45
171030 1272.0
171031 1270.15
171101 1277.05
171102 1279.2
171103 1267.2
171106 1270.9
171107 1275.6
171108 1284.0
171109 1284.8
171110 1284.3
171113 1277.95
171114 1274.6
171115 1282.2
171116 1280.0
171117 1284.35
171120 1286.2
171121 1283.3
171122 1286.95
171123 1290.35
171124 1290.5
171127 1294.9
171128 1291.85
171129 1283.85
171130 1280.2
171201 1275.5
171204 1273.45
171205 1266.3
171206 1263.7
171207 1255.0
171208 1250.65
171211 1247.15
171212 1240.9
171213 1242.65
171214 1251.0
171215 1254.6
171218 1260.6
171219 1260.35
171220 1264.55
171221 1264.55
171222 1271.975
171227 1279.4
171228 1291.0
171229 1301.525
180102 1312.05
180103 1314.9
180104 1314.5
180105 1317.15
180108 1319.95
180109 1311.0
180110 1319.75
180111 1323.05
180112 1326.8
180115 1339.25
180116 1333.85
180117 1335.65
180118 1332.2
180119 1334.95
180122 1332.6
180123 1333.4
180124 1353.7
180125 1354.95
180126 1353.15
180129 1343.85
180130 1344.9
180131 1345.05
180201 1341.35
180202 1331.15
180205 1333.6
180206 1331.4
180207 1324.65
180208 1315.45
180209 1314.1
180212 1322.3
180213 1325.35
180214 1336.25
180215 1352.45
180216 1352.1
180219 1346.6
180220 1339.85
180221 1330.5
180222 1328.35
180223 1327.95
180226 1333.5
180227 1325.75
180228 1317.85
180301 1307.75
180302 1322.3
180305 1320.4
180306 1331.4
180307 1329.4
180308 1321.0
180309 1320.6
180312 1319.15
180313 1322.75
180314 1323.55
180315 1318.75
180316 1310.1
180319 1312.4
180320 1311.0
180321 1321.35
180322 1329.15
180323 1346.6
180326 1352.4
180327 1341.45
180328 1332.45
180329 1323.85
180403 1333.45
180404 1337.3
180405 1327.7
180406 1331.2
180409 1331.95
180410 1338.95
180411 1350.75
180412 1341.35
180413 1343.7
180416 1349.35
180417 1342.1
180418 1351.45
180419 1348.6
180420 1336.75
180423 1324.3
180424 1328.85
180425 1321.65
180426 1320.7
180427 1321.5
180430 1313.2
180501 1307.1
180502 1304.2
180503 1315.05
180504 1309.4
180508 1306.6
180509 1313.85
180510 1318.8
180511 1324.35
180514 1319.85
180515 1295.0
180516 1291.25
180517 1289.5
180518 1288.3
180521 1288.35
180522 1293.05
180523 1289.0
180524 1304.85
180525 1303.5
180529 1295.5
180530 1300.7
180531 1305.35
180601 1294.6
180604 1295.45
180605 1292.05
180606 1300.1
180607 1297.25
180608 1298.25
180611 1299.6
180612 1298.65
180613 1296.15
180614 1302.75
180615 1285.25
180618 1281.55
180619 1276.15
180620 1274.2
180621 1266.15
180622 1269.15
180625 1268.7
180626 1260.3
180627 1254.6
180628 1251.55
180629 1250.45
180702 1247.8
180703 1251.75
180704 1255.65
180705 1255.5
180706 1255.35
180709 1262.05
180710 1254.0
180711 1251.4
180712 1245.9
180713 1241.7
180716 1241.1
180717 1232.8
180718 1224.5
180719 1217.55
180720 1228.75
180723 1224.95
180724 1228.35
180725 1231.5
180726 1228.25
180727 1223.95
180730 1223.8
180731 1220.95
180801 1219.0
180802 1215.45
180803 1216.3
180806 1209.65
180807 1212.35
180808 1209.55
180809 1214.35
180810 1214.4
180813 1200.35
180814 1197.0
180815 1182.0
180816 1180.4
180817 1178.4
180820 1184.35
180821 1190.95
180822 1196.65
180823 1192.35
180824 1197.7
180828 1212.25
180829 1204.2
180830 1197.3
180831 1202.45
180903 1200.05
180904 1190.85
180905 1196.7
180906 1205.15
180907 1198.9
180910 1196.6
180911 1189.85
180912 1195.6
180913 1209.8
180914 1201.95
180917 1201.9
180918 1200.2
180919 1203.3
180920 1208.35
180921 1198.7
180924 1202.75
180925 1201.9
180926 1194.25
180927 1185.4
180928 1187.25
181001 1189.35
181002 1204.7
181003 1201.2
181004 1203.45
181005 1203.8
181008 1186.95
181009 1185.55
181010 1188.6
181011 1205.55
181012 1219.75
181015 1229.95
181016 1230.7
181017 1229.05
181018 1223.0
181019 1227.85
181022 1222.3
181023 1235.95
181024 1230.55
181025 1230.8
181026 1233.85
181029 1230.8
181030 1225.4
181031 1214.95
181101 1231.15
181102 1232.1
181105 1232.25
181106 1231.6
181107 1229.95
181108 1224.15
181109 1211.4
181112 1205.55
181113 1202.1
181114 1203.25
181115 1211.85
181116 1222.4
181119 1221.6
181120 1223.0
181121 1226.1
181122 1227.05
181123 1223.65
181126 1223.4
181127 1221.2
181128 1213.25
181129 1226.25
181130 1217.55
181203 1230.3
181204 1240.3
181205 1235.9
181206 1242.55
181207 1243.3
181210 1245.35
181211 1245.3
181212 1245.75
181213 1242.75
181214 1235.35
181217 1241.65
181218 1246.3
181219 1255.0
181220 1259.75
181221 1258.15
181224 1263.075
181227 1268.0
181228 1279.0
181231 1280.95
190102 1282.9
190103 1290.45
190104 1279.9
190107 1292.2
190108 1286.45
190109 1288.6
190110 1291.9
190111 1288.95
190114 1292.75
190115 1294.4
190116 1292.3
190117 1290.7
190118 1284.2
190121 1279.55
190122 1282.1
190123 1279.8
190124 1283.7
190125 1293.9
190128 1302.15
190129 1307.55
190130 1310.7
190131 1323.25
190201 1318.7
190204 1312.15
190205 1314.2
190206 1312.4
190207 1310.0
190208 1314.85
190211 1306.4
190212 1310.0
190213 1312.8
190214 1311.45
190215 1316.55
190218 1325.5
190219 1334.15
190220 1343.75
190221 1331.25
190222 1329.05
190225 1331.05
190226 1325.05
190227 1322.85
190228 1319.15
190301 1311.95
190304 1285.4
190305 1283.8
190306 1285.85
190307 1285.3
190308 1296.75
190311 1292.75
190312 1297.05
190313 1306.95
190314 1295.55
190315 1303.5
190318 1305.6
190319 1307.7
190320 1303.7
190321 1309.6
190322 1311.3
190325 1319.55
190326 1316.3
190327 1309.7
190328 1295.15
190329 1295.4
190401 1293.5
190402 1290.3
190403 1290.45
190404 1283.15
190405 1288.45
190408 1300.0
190409 1303.0
190410 1305.45
190411 1298.8
190412 1294.3
190415 1285.65
190416 1276.35
190417 1275.85
190418 1275.7
190423 1269.5
190424 1271.65
190425 1280.8
190426 1284.2
190429 1279.5
190430 1282.3
190501 1283.8
190502 1270.95
190503 1278.55
190507 1281.2
190508 1285.2
190509 1286.1
190510 1287.1
190513 1295.6
190514 1298.4
190515 1299.1
190516 1291.7
190517 1280.8
190520 1276.85
190521 1271.15
190522 1273.8
190523 1283.65
190524 1282.5
190528 1278.3
190529 1281.65
190530 1280.95
190531 1295.55
190603 1317.1
190604 1324.25
190605 1335.05
190606 1335.5
190607 1340.65
190610 1328.6
190611 1324.3
190612 1332.35
190613 1335.9
190614 1351.25
190617 1341.3
190618 1341.35
190619 1344.05
190620 1379.5
190621 1397.15
190624 1405.7
190625 1431.4
190626 1403.95
190627 1402.5
190628 1409.0
190701 1390.1
190702 1391.05
190703 1413.5
190704 1414.9
190705 1388.65
190708 1400.1
190709 1391.55
190710 1408.3
190711 1413.75
190712 1407.6
190715 1412.4
190716 1409.85
190717 1410.35
190718 1417.45
190719 1439.7
190722 1427.75
190723 1425.55
190724 1426.95
190725 1416.1
190726 1420.4
190729 1419.05
190730 1425.9
190731 1427.55
190801 1406.8
190802 1441.75
190805 1465.25
190806 1465.25
190807 1506.05
190808 1495.75
190809 1497.7
190812 1504.7
190813 1498.4
190814 1513.25
190815 1515.65
190816 1515.25
190819 1496.6
190820 1504.55
190821 1503.25
190822 1502.05
190823 1503.8
190827 1532.95
190828 1537.15
190829 1540.2
190830 1528.4
190902 1525.95
190903 1537.85
190904 1546.1
190905 1529.1
190906 1523.7
190909 1509.2
190910 1498.25
190911 1490.65
190912 1515.2
190913 1503.1
190916 1497.2
190917 1502.1
190918 1503.5
190919 1500.7
190920 1501.9
190923 1522.1
190924 1520.65
190925 1528.75
190926 1506.4
190927 1489.9
190930 1485.3
191001 1473.45
191002 1492.6
191003 1517.1
191004 1499.15
191007 1501.25
191008 1505.85
191009 1507.25
191010 1494.8
191011 1479.15
191014 1490.6
191015 1487.8
191016 1485.1
191017 1492.65
191018 1490.0
191021 1491.65
191022 1485.35
191023 1494.45
191024 1496.55
191025 1513.45
191028 1492.4
191029 1486.75
191030 1492.1
191031 1510.95
191101 1508.8
191104 1509.45
191105 1488.95
191106 1486.05
191107 1484.25
191108 1464.15
191111 1458.7
191112 1452.05
191113 1462.9
191114 1466.65
191115 1466.9
191118 1467.65
191119 1468.45
191120 1471.7
191121 1467.05
191122 1464.45
191125 1458.4
191126 1454.65
191127 1454.35
191128 1454.65
191129 1460.15
191202 1461.15
191203 1477.3
191204 1475.1
191205 1475.95
191206 1459.65
191209 1461.7
191210 1464.95
191211 1466.8
191212 1467.8
191213 1466.6
191216 1477.9
191217 1475.8
191218 1474.05
191219 1476.7
191220 1479.0
191223 1482.1
191224 1496.8
191227 1511.5
191230 1514.75
191231 1520.925
200102 1527.1
200103 1548.75
200106 1573.1
200107 1567.85
200108 1571.95
200109 1550.75
200110 1553.6
200113 1549.9
200114 1545.1
200115 1549.0
200116 1554.55
200117 1557.6
200120 1560.15
200121 1551.3
200122 1556.9
200123 1562.9
200124 1564.3
200127 1580.1
200128 1574.0
200129 1573.45
200130 1578.25
200131 1584.2
200203 1574.75
200204 1558.35
200205 1553.3
200206 1563.3
200207 1572.65
200210 1573.2
200211 1570.5
200212 1563.7
200213 1575.05
200214 1581.4
200217 1580.8
200218 1589.85
200219 1604.2
200220 1619.0
200221 1643.3
200224 1671.65
200225 1650.3
200226 1634.9
200227 1652.0
200228 1609.85
200302 1599.65
200303 1615.5
200304 1641.85
200305 1659.6
200306 1683.65
200309 1672.5
200310 1655.7
200311 1653.75
200312 1570.7
200313 1562.8
200316 1487.7
200317 1536.2
200318 1498.2
200319 1474.25
200320 1494.4
200323 1525.4
200324 1605.75
200325 1605.45
200326 1634.8
200327 1617.3
200330 1618.3
200331 1608.95
200401 1576.55
200402 1616.8
200403 1613.1
200406 1648.3
200407 1649.25
200408 1647.8
200409 1680.65
200414 1741.9
200415 1718.65
200416 1729.5
200417 1692.55
200420 1686.2
200421 1682.05
200422 1710.55
200423 1736.25
200424 1715.9
200427 1714.95
200428 1691.55
200429 1703.35
200430 1702.75
200501 1686.25
200504 1709.1
200505 1699.55
200506 1691.5
200507 1704.05
200511 1702.75
200512 1702.4
200513 1708.4
200514 1731.6
200515 1735.35
200518 1734.7
200519 1737.95
200520 1748.3
200521 1724.9
200522 1733.55
200526 1720.25
200527 1694.6
200528 1717.35
200529 1728.7
200601 1730.6
200602 1742.15
200603 1705.35
200604 1700.05
200605 1683.45
200608 1690.35
200609 1713.5
200610 1722.05
200611 1738.25
200612 1733.5
200615 1710.45
200616 1719.85
200617 1724.35
200618 1719.5
200619 1734.75
200622 1761.85
200623 1768.9
200624 1766.05
200625 1756.55
200626 1747.6
200629 1771.6
200630 1768.1
200701 1771.05
200702 1777.45
200703 1772.9
200706 1787.9
200707 1789.55
200708 1811.1
200709 1812.1
200710 1803.1
200713 1807.5
200714 1801.9
200715 1804.6
200716 1807.7
200717 1807.35
200720 1815.65
200721 1842.55
200722 1852.4
200723 1878.3
200724 1902.1
200727 1936.65
200728 1940.9
200729 1950.9
200730 1957.65
200731 1964.9
200803 1958.55
200804 1977.9
200805 2048.15
200806 2067.15
200807 2031.15
200810 2044.5
200811 1939.65
200812 1931.9
200813 1944.25
200814 1944.75
200817 1972.85
200818 2008.75
200819 1981.0
200820 1927.15
200821 1924.35
200824 1943.95
200825 1911.15
200826 1932.95
200827 1923.85
200828 1957.35
200901 1972.35
200902 1947.05
200903 1940.45
200904 1926.3
200907 1928.45
200908 1910.95
200909 1947.2
200910 1966.25
200911 1947.4
200914 1958.7
200915 1949.35
200916 1961.8
200917 1936.25
200918 1950.85
200921 1909.35
200922 1906.0
200923 1873.4
200924 1861.75
200925 1859.7
200928 1864.3
200929 1883.95
200930 1886.9
201001 1902.0
201002 1903.05
201005 1909.6
201006 1913.4
201007 1884.5
201008 1887.45
201009 1923.25
201012 1925.5
201013 1891.3
201014 1910.05
201015 1891.9
201016 1905.05
201019 1905.6
201020 1898.4
201021 1924.15
201022 1900.95
201023 1903.65
201026 1898.45
201027 1905.7
201028 1869.95
201029 1870.3
201030 1881.85
201102 1889.9
201103 1908.3
201104 1900.15
201105 1938.45
201106 1940.8
201109 1867.3
201110 1878.7
201111 1860.95
201112 1874.85
201113 1890.9
201116 1885.6
201117 1889.05
201118 1876.1
201119 1857.35
201120 1875.7
201123 1840.2
201124 1799.6
201125 1810.2
201126 1807.4
201127 1779.3
201130 1762.55
201201 1810.75
201202 1822.6
201203 1832.35
201204 1843.0
201207 1859.95
201208 1868.15
201209 1841.75
201210 1844.35
201211 1842.0
201214 1831.15
201215 1850.65
201216 1851.95
201217 1890.75
201218 1879.75
201221 1880.0
201222 1877.1
201223 1875.0
201224 1874.65
201229 1874.3
201230 1887.6
201231 1915.4
210104 1943.2
210105 1940.35
210106 1931.95
210107 1920.1
210108 1862.9
210111 1847.25
210112 1841.25
210113 1858.85
210114 1841.75
210115 1839.0
210118 1833.05
210119 1834.7
210120 1856.6
210121 1862.1
210122 1852.7
210125 1856.85
210126 1856.6
210127 1843.0
210128 1853.7
210129 1863.8
210201 1862.95
210202 1833.1
210203 1835.45
210204 1785.9
210205 1802.95
210208 1835.25
210209 1839.6
210210 1842.65
210211 1840.1
210212 1816.35
210215 1817.3
210216 1794.25
210217 1780.7
210218 1773.15
210219 1786.2
210222 1807.45
210223 1799.65
210224 1788.0
210225 1779.65
210226 1742.85
210301 1734.15
210302 1723.85
210303 1711.4
210304 1712.1
210305 1696.25
210308 1687.05
210309 1716.9
210310 1716.2
210311 1724.25
210312 1704.8
210315 1723.65
210316 1735.0
210317 1729.65
210318 1725.9
210319 1735.2
210322 1736.15
210323 1726.2
210324 1730.5
210325 1737.3
210326 1731.8
210329 1705.95
210330 1683.95
210331 1691.05
210401 1726.05
210406 1744.65
210407 1738.05
210408 1755.5
210409 1741.2
210412 1732.85
210413 1747.95
210414 1735.55
210415 1757.2
210416 1774.45
210419 1774.5
210420 1777.85
210421 1798.2
210422 1787.75
210423 1781.8
210426 1773.35
210427 1784.15
210428 1772.2
210429 1762.65
210430 1767.65
210504 1797.75
210505 1782.25
210506 1813.15
210507 1836.55
210510 1840.45
210511 1829.1
210512 1830.7
210513 1821.8
210514 1838.1
210517 1853.7
210518 1866.75
210519 1888.45
210520 1878.3
210521 1875.9
210524 1880.15
210525 1887.0
210526 1899.75
210527 1891.45
210528 1899.95
210601 1899.35
210602 1902.75
210603 1866.55
210604 1890.6
210607 1888.4
210608 1893.15
210609 1894.6
210610 1888.65
210611 1881.05
210614 1865.6
210615 1865.1
210616 1860.75
210617 1778.7
210618 1773.1
210621 1775.05
210622 1775.05
210623 1791.6
210624 1784.85
210625 1786.65
210628 1780.3
210629 1755.45
210630 1763.15
210701 1781.5
210702 1786.15
210705 1791.35
210706 1809.85
210707 1804.65
210708 1807.7
210709 1806.0
210712 1792.4
210713 1813.85
210714 1823.2
210715 1823.75
210716 1824.3
210719 1814.9
210720 1823.05
210721 1802.15
210722 1799.45
210723 1799.6
210726 1800.2
210727 1800.35
210728 1796.6
210729 1829.3
210730 1825.75
210802 1811.45
210803 1812.65
210804 1829.1
210805 1800.75
210806 1762.9
210809 1738.85
210810 1723.35
210811 1743.6
210812 1747.4
210813 1773.85
210816 1786.35
210817 1789.45
210818 1783.45
210819 1782.05
210820 1779.05
210823 1802.0
210824 1808.45
210825 1788.7
210826 1786.6
210827 1798.5
210831 1814.85
210901 1811.8
210902 1812.55
210903 1823.7
210906 1821.6
210907 1802.15
210908 1786.0
210909 1788.25
210910 1794.6
1826
160911 621.65
160912 609.67
160913 610.92
160914 608.82
160915 610.38
160916 609.11
160917 607.04
160918 611.58
160919 610.19
160920 608.66
160921 598.88
160922 597.42
160923 594.08
160924 603.88
160925 601.74
160926 598.98
160927 605.96
160928 605.67
160929 603.85
160930 609.39
161001 614.82
161002 612.98
161003 611.85
161004 609.62
161005 607.18
161006 612.08
161007 617.21
161008 614.74
161009 615.65
161010 617.54
161011 614.77
161012 635.01
161013 635.96
161014 634.02
161015 637.94
161016 641.42
161017 638.97
161018 636.29
161019 629.25
161020 627.72
161021 631.92
161022 655.48
161023 653.25
161024 651.39
161025 655.31
161026 651.45
161027 682.22
161028 687.68
161029 685.91
161030 698.0
161031 702.0
161101 697.01
161102 733.33
161103 686.17
161104 683.69
161105 704.79
161106 712.0
161107 709.96
161108 708.97
161109 720.93
161110 721.5
161111 715.45
161112 703.71
161113 702.28
161114 706.46
161115 710.91
161116 711.73
161117 736.96
161118 747.52
161119 748.98
161120 729.06
161121 738.53
161122 736.97
161123 741.63
161124 737.45
161125 735.64
161126 733.67
161127 727.96
161128 727.31
161129 732.71
161130 742.69
161201 742.05
161202 772.43
161203 764.33
161204 762.97
161205 754.63
161206 756.62
161207 758.99
161208 769.72
161209 770.02
161210 769.08
161211 777.0
161212 777.0
161213 777.99
161214 774.89
161215 776.75
161216 775.88
161217 788.7
161218 788.4
161219 788.67
161220 793.09
161221 824.21
161222 834.97
161223 901.31
161224 891.61
161225 892.6
161226 897.33
161227 930.37
161228 930.34
161229 963.38
161230 952.15
161231 958.12
170101 997.72
170102 1015.97
170103 1013.42
170104 1126.76
170105 994.67
170106 999.65
170107 896.83
170108 908.14
170109 910.49
170110 906.05
170111 785.22
170112 780.92
170113 826.29
170114 817.91
170115 819.55
170116 830.5
170117 903.84
170118 906.6
170119 895.798875
170120 893.6210875
170121 895.64
170122 918.603625
170123 922.0736125
170124 919.97
170125 893.045625
170126 915.95625
170127 915.05
170128 920.31225
170129 915.933
170130 912.19
170131 964.706075
170201 979.703875
170202 983.42
170203 1013.027
170204 1030.999413
170205 1034.07
170206 1024.01375
170207 1050.11
170208 1052.84
170209 976.103
170210 999.1035
170211 997.59
170212 1000.604625
170213 999.877375
170214 1001.2
170215 1012.325988
170216 1035.208125
170217 1035.2
170218 1056.637138
170219 1052.779286
170220 1050.87
170221 1123.788429
170222 1123.223188
170223 1130.01
170224 1174.86625
170225 1150.605714
170226 1150.37
170227 1190.75195
170228 1187.565286
170301 1190.89
170302 1259.410817
170303 1285.14
170304 1287.0
170305 1270.9333
170306 1275.197375
170307 1279.5
170308 1157.3933
170309 1192.469143
170310 1192.09
170311 1179.159875
170312 1227.494625
170313 1227.68
170314 1245.370786
170315 1257.399625
170316 1257.0
170317 1091.171888
170318 952.2323625
170319 967.69
170320 1049.084488
170321 1118.630043
170322 1113.0
170323 1038.789
170324 941.9197143
170325 927.93
170326 956.7863125
170327 1037.22925
170328 1041.04
170329 1040.5755
170330 1037.90455
170331 1034.74
170401 1086.929571
170402 1099.169125
170403 1079.99
170404 1141.600363
170405 1133.079314
170406 1133.53
170407 1190.45425
170408 1181.149838
170409 1184.03
170410 1207.744875
170411 1226.617038
170412 1219.09
170413 1180.023713
170414 1185.260057
170415 1170.36
170416 1186.927413
170417 1205.634875
170418 1176.97
170419 1217.930088
170420 1241.686325
170421 1236.63
170422 1261.311225
170423 1257.988113
170424 1240.84
170425 1279.414688
170426 1309.109875
170427 1288.02
170428 1331.294429
170429 1334.979038
170430 1333.0
170501 1417.172813
170502 1452.076288
170503 1447.55
170504 1508.292125
170505 1533.335071
170506 1518.75
170507 1535.868429
170508 1640.619225
170509 1651.1
170510 1762.88625
170511 1820.990563
170512 1829.0
170513 1771.920013
170514 1776.3165
170515 1780.0
170516 1739.031975
170517 1807.485063
170518 1783.98
170519 1961.520488
170520 2052.909788
170521 2008.84
170522 2090.662313
170523 2287.710288
170524 2256.32
170525 2387.206286
170526 2211.976857
170527 2279.82
170528 2192.9808
170529 2275.9307
170530 2290.02
170531 2285.933914
170601 2399.242671
170602 2409.93
170603 2525.765158
170604 2516.173143
170605 2529.53
170606 2883.313697
170607 2664.920863
170608 2683.03
170609 2827.4913
170610 2845.372857
170611 2898.63
170612 2657.675063
170613 2748.185086
170614 2706.0
170615 2442.48025
170616 2464.959814
170617 2477.94
170618 2507.389252
170619 2617.210263
170620 2600.0
170621 2671.04325
170622 2727.288013
170623 2713.48
170624 2589.164888
170625 2512.366286
170626 2502.03
170627 2517.903114
170628 2585.349186
170629 2558.3
170630 2477.641375
170701 2501.191343
170702 2421.26
170703 2561.225429
170704 2599.729838
170705 2598.89
170706 2609.96775
170707 2491.201214
170708 2502.86
170709 2536.238938
170710 2366.170143
170711 2327.09
170712 2385.748571
170713 2354.783417
170714 2338.49
170715 2058.9956
170716 1931.2143
170717 1910.96
170718 2320.12225
170719 2264.7657
170720 2265.21
170721 2682.195363
170722 2807.609857
170723 2825.51
170724 2751.821029
170725 2560.997917
170726 2564.3
170727 2647.625
170728 2781.636583
170729 2784.8
170730 2745.955417
170731 2866.431667
170801 2862.9
170802 2693.633983
170803 2794.117717
170804 2790.0
170805 3218.115017
170806 3252.562533
170807 3210.2
170808 3457.374333
170809 3357.326317
170810 3340.28
170811 3632.506667
170812 3852.802914
170813 3868.52
170814 4282.992
170815 4217.028329
170816 4179.97
170817 4328.725717
170818 4130.440067
170819 4104.71
170820 4157.958033
170821 4043.722
170822 3986.28
170823 4174.95
170824 4340.316717
170825 4331.77
170826 4360.513317
170827 4354.308333
170828 4339.05
170829 4607.98545
170830 4594.98785
170831 4582.52
170901 4911.740017
170902 4580.38748
170903 4585.57
170904 4344.098317
170905 4488.72014
170906 4385.02
170907 4654.6585
170908 4310.750183
170909 4312.26
170910 4329.955
170911 4248.090017
170912 4198.59
170913 3961.271267
170914 3319.63
170915 3216.43
170916 3763.62604
170917 3746.060783
170918 3678.53
170919 3943.413333
170920 3977.561667
170921 3894.48
170922 3637.50255
170923 3776.3869
170924 3777.62
170925 3942.555
170926 3910.307383
170927 3881.0
170928 4201.98905
170929 4193.574667
170930 4164.27
171001 4360.722967
171002 4386.88375
171003 4394.07
171004 4225.175
171005 4338.852
171006 4318.58
171007 4376.191667
171008 4602.280883
171009 4605.66
171010 4782.28
171011 4819.485767
171012 4822.17
171013 5563.806567
171014 5739.438733
171015 5825.99
171016 5711.205867
171017 5603.71294
171018 5594.66
171019 5727.6335
171020 5979.45984
171021 5986.44
171022 5983.18455
171023 5876.079867
171024 5900.59
171025 5669.622533
171026 5893.138417
171027 5889.82
171028 5776.69695
171029 6155.43402
171030 6136.49
171031 6388.645167
171101 6665.306683
171102 6751.98
171103 7197.72006
171104 7437.543317
171105 7365.99
171106 6989.071667
171107 7092.127233
171108 7128.64
171109 7158.03706
171110 6719.39785
171111 6569.22
171112 5716.301583
171113 6550.227533
171114 6493.63
171115 7301.42992
171116 7815.0307
171117 7868.77
171118 7817.140383
171119 8007.654067
171120 8049.72
171121 8059.8
171122 8268.035
171123 8236.72
171124 8250.978333
171125 8707.407267
171126 8768.8
171127 9718.29505
171128 9952.50882
171129 9919.0
171130 10147.372
171201 10883.912
171202 10879.88
171203 11332.622
171204 11584.83
171205 11591.22
171206 13540.98
171207 16501.97167
171208 16860.88
171209 15142.83415
171210 14869.805
171211 15068.95
171212 17276.39333
171213 16808.36667
171214 16252.31
171215 17771.9
171216 19498.68333
171217 19279.9
171218 18961.85667
171219 17737.11167
171220 17382.94
171221 16047.51
171222 15190.945
171223 13776.61
171224 13949.175
171225 14119.02833
171226 13740.94
171227 15589.32167
171228 14380.58167
171229 14214.01
171230 13215.574
171231 14165.575
180101 13796.0
180102 15005.85667
180103 15053.26167
180104 15039.24
180105 17174.12
180106 17319.198
180107 17155.95
180108 15265.90667
180109 14714.25333
180110 14437.42
180111 13296.794
180112 13912.882
180113 13791.19
180114 13852.92
180115 14012.196
180116 13554.14
180117 11116.94667
180118 11345.42333
180119 11174.82
180120 12950.79333
180121 11505.228
180122 11513.42
180123 11223.064
180124 11282.25833
180125 11392.03
180126 10969.815
180127 11524.77667
180128 11431.37
180129 11212.655
180130 10184.06167
180131 10082.52
180201 9083.258333
180202 8901.901667
180203 8852.73
180204 8400.648333
180205 6838.816667
180206 6925.46
180207 8099.958333
180208 8240.536667
180209 8245.08
180210 8319.876566
180211 8343.455
180212 8068.02
180213 8597.7675
180214 9334.633333
180215 9471.64
180216 10127.16167
180217 10841.99167
180218 11085.83
180219 11110.965
180220 11390.39167
180221 11245.98
180222 9931.071667
180223 10162.11667
180224 10171.3
180225 9696.593333
180226 10348.60333
180227 10319.46
180228 10370.165
180301 11009.38167
180302 10931.12
180303 11326.94833
180304 11430.18167
180305 11516.83
180306 10763.19833
180307 10118.058
180308 9920.46
180309 9089.278333
180310 8746.002
180311 8777.37
180312 9182.843333
180313 9154.7
180314 9153.54
180315 8358.121667
180316 8530.402
180317 8297.89
180318 8171.415
180319 8412.033333
180320 8605.64
180321 8947.753333
180322 8690.408333
180323 8725.37
180324 8662.378333
180325 8617.296667
180326 8457.96
180327 7876.195
180328 7960.38
180329 7950.61
180330 6882.531667
180331 6935.48
180401 6937.56
180402 7035.848333
180403 7410.435
180404 7426.48
180405 6826.51
180406 6603.876667
180407 6634.68
180408 7017.656667
180409 6699.273333
180410 6784.41
180411 6926.266667
180412 7847.845
180413 7941.46
180414 8036.511051
180415 8340.748333
180416 8368.1
180417 7895.416926
180418 8164.937426
180419 8175.96
180420 8852.718333
180421 8807.205
180422 8930.6
180423 8933.861667
180424 9555.542
180425 9658.11
180426 9258.398333
180427 9010.32
180428 8928.55
180429 9334.281667
180430 9259.57
180501 9239.55
180502 9221.426
180503 9639.268333
180504 9753.35
180505 9803.306667
180506 9630.136277
180507 9631.44
180508 9228.608333
180509 9322.041667
180510 9310.37
180511 8468.788
180512 8484.346667
180513 8463.52
180514 8652.038333
180515 8511.458
180516 8471.06
180517 8106.118333
180518 8240.055
180519 8239.08
180520 8507.406667
180521 8385.556187
180522 8396.63
180523 7555.74
180524 7566.193333
180525 7576.78
180526 7342.908333
180527 7361.831667
180528 7344.56
180529 7459.876667
180530 7385.395
180531 7386.72
180601 7535.146667
180602 7645.146667
180603 7637.14
180604 7500.273333
180605 7615.722142
180606 7619.43
180607 7676.271667
180608 7620.153333
180609 7615.54
180610 6776.888333
180611 6875.678333
180612 6879.31
180613 6315.7
180614 6647.013333
180615 6637.41
180616 6509.426667
180617 6464.411667
180618 6445.79
180619 6737.0
180620 6714.718333
180621 6760.83
180622 6332.573333
180623 6141.605833
180624 6170.46
180625 6211.4475
180626 6218.595
180627 6097.46
180628 6107.896154
180629 5908.7025
180630 6223.28
180701 6374.754167
180702 6466.069167
180703 6626.44
180704 6593.289167
180705 6603.376667
180706 6555.51
180707 6594.281667
180708 6753.559167
180709 6724.04
180710 6510.791667
180711 6377.363333
180712 6403.18
180713 6244.3575
180714 6241.0
180715 6248.84
180716 6514.390833
180717 6869.910833
180718 7321.62
180719 7396.401667
180720 7428.045
180721 7334.99
180722 7451.289167
180723 7689.884167
180724 7715.1
180725 8251.165
180726 8187.324167
180727 7939.81
180728 8182.251667
180729 8206.341667
180730 8220.91
180731 7916.800833
180801 7570.869167
180802 7607.7
180803 7394.499167
180804 7247.769167
180805 7011.28
180806 6988.079167
180807 6993.513333
180808 6718.23
180809 6396.7725
180810 6396.494667
180811 6138.96
180812 6311.131667
180813 6347.07
180814 6252.13
180815 6362.676923
180816 6342.629231
180817 6312.75
180818 6436.720833
180819 6404.063333
180820 6486.58
180821 6401.246154
180822 6575.229167
180823 6354.57
180824 6543.645714
180825 6719.429231
180826 6738.27
180827 6719.266154
180828 7000.04
180829 7078.19
180830 6932.6625
180831 6981.946154
180901 7018.78
180902 7247.935385
180903 7260.949231
180904 7265.08
180905 7113.069231
180906 6433.271667
180907 6501.19
180908 6366.1075
180909 6286.425833
180910 6240.98
180911 6296.320833
180912 6273.1375
180913 6326.04
180914 6499.0625
180915 6518.655
180916 6522.39
180917 6400.600833
180918 6296.631667
180919 6342.39
180920 6418.562667
180921 6669.990833
180922 6756.12
180923 6710.445
180924 6639.304167
180925 6583.45
180926 6468.631667
180927 6535.476667
180928 6686.08
180929 6550.474167
180930 6593.135
181001 6611.02
181002 6562.641667
181003 6470.4025
181004 6483.73
181005 6568.549167
181006 6581.486667
181007 6573.62
181008 6618.567692
181009 6621.711667
181010 6626.85
181011 6248.635833
181012 6260.530833
181013 6247.0
181014 6299.399167
181015 6452.571667
181016 6599.17
181017 6596.276154
181018 6568.040769
181019 6509.61
181020 6488.825833
181021 6531.601667
181022 6504.78
181023 6481.426
181024 6508.31
181025 6489.77
181026 6473.753333
181027 6465.9175
181028 6457.21
181029 6382.668333
181030 6309.452857
181031 6301.61
181101 6342.280833
181102 6387.674167
181103 6390.42
181104 6391.873333
181105 6436.965
181106 6437.76
181107 6538.79
181108 6486.251667
181109 6444.97
181110 6399.033333
181111 6378.268333
181112 6408.53
181113 6372.063333
181114 6176.155
181115 5756.77
181116 5596.1925
181117 5558.243333
181118 5572.44
181119 5303.9425
181120 4671.97
181121 4491.98
181122 4548.7975
181123 4309.3375
181124 4352.98
181125 3823.511667
181126 3920.536667
181127 3793.35
181128 4103.453846
181129 4263.783333
181130 4278.77
181201 4116.7775
181202 4167.546667
181203 4140.6
181204 3961.493333
181205 3858.349167
181206 3744.98
181207 3405.643333
181208 3435.34
181209 3453.66
181210 3523.96
181211 3426.19
181212 3407.28
181213 3406.7625
181214 3278.374167
181215 3242.42
181216 3271.238333
181217 3392.405
181218 3556.54
181219 3808.0425
181220 3982.850833
181221 4135.19
181222 3910.973333
181223 4027.478333
181224 3995.17
181225 3813.88
181226 3825.379167
181227 3848.21
181228 3743.905
181229 3912.285833
181230 3770.36
181231 3791.545833
190101 3752.271667
190102 3855.88
190103 3865.7975
190104 3822.626667
190105 3856.62
190106 3920.456667
190107 4036.093333
190108 4032.25
190109 4034.138333
190110 3812.585833
190111 3646.25
190112 3646.345833
190113 3599.841667
190114 3531.96
190115 3656.785
190116 3621.270833
190117 3621.43
190118 3632.395
190119 3690.523333
190120 3703.98
190121 3548.4275
190122 3540.02
190123 3587.35
190124 3566.4
190125 3586.25
190126 3577.79
190127 3576.3
190128 3554.5
190129 3448.58
190130 3421.6
190131 3470.0
190201 3444.81
190202 3475.33
190203 3506.22
190204 3456.02
190205 3452.35
190206 3467.34
190207 3405.7
190208 3394.76
190209 3661.08
190210 3664.38
190211 3686.29
190212 3629.47
190213 3632.42
190214 3614.5
190215 3600.31
190216 3608.2
190217 3619.55
190218 3670.74
190219 3910.8
190220 3926.53
190221 3987.18
190222 3944.88
190223 3983.48
190224 4139.6
190225 3766.89
190226 3848.33
190227 3831.45
190228 3833.23
190301 3850.08
190302 3834.62
190303 3831.44
190304 3814.58
190305 3730.98
190306 3872.25
190307 3876.85
190308 3886.82
190309 3875.96
190310 3950.56
190311 3928.17
190312 3881.09
190313 3892.51
190314 3877.77
190315 3885.21
190316 3936.5
190317 4015.95
190318 3994.92
190319 3998.77
190320 4029.11
190321 4056.4
190322 3992.34
190323 3999.06
190324 4011.92
190325 3994.11
190326 3935.89
190327 3947.74
190328 4048.51
190329 4037.37
190330 4115.55
190331 4114.44
190401 4114.16
190402 4152.53
190403 4882.88
190404 4959.81
190405 4911.24
190406 5028.77
190407 5053.52
190408 5189.39
190409 5268.71
190410 5175.81
190411 5310.18
190412 5035.02
190413 5072.85
190414 5064.62
190415 5152.51
190416 5036.18
190417 5196.65
190418 5220.37
190419 5276.31
190420 5277.04
190421 5309.28
190422 5281.83
190423 5377.19
190424 5518.16
190425 5434.19
190426 5195.61
190427 5292.83
190428 5280.19
190429 5301.29
190430 5260.65
190501 5269.79
190502 5326.67
190503 5390.16
190504 5657.14
190505 5771.08
190506 5717.66
190507 5684.47
190508 5755.72
190509 5936.72
190510 6146.91
190511 6348.02
190512 7248.31
190513 6978.63
190514 7823.11
190515 7992.69
190516 8206.9
190517 7885.96
190518 7362.22
190519 7265.05
190520 8193.7
190521 8007.03
190522 7952.5
190523 7625.93
190524 7880.29
190525 8003.26
190526 8071.45
190527 8744.42
190528 8770.06
190529 8719.88
190530 8662.98
190531 8272.46
190601 8553.81
190602 8554.8
190603 8739.03
190604 8134.92
190605 7675.8
190606 7786.04
190607 7803.23
190608 7998.29
190609 7931.34
190610 7640.61
190611 8020.38
190612 7917.58
190613 8173.06
190614 8237.88
190615 8693.6
190616 8859.47
190617 8978.99
190618 9327.48
190619 9076.18
190620 9281.7
190621 9531.35
190622 10209.38
190623 10668.63
190624 10814.48
190625 11017.5
190626 11766.4
190627 12932.55
190628 11132.85
190629 12374.35
190630 11890.38
190701 10737.73
190702 10578.72
190703 10805.4
190704 11984.76
190705 11160.49
190706 10955.16
190707 11232.04
190708 11477.01
190709 12313.08
190710 12586.78
190711 12099.9
190712 11352.87
190713 11803.97
190714 11389.1
190715 10186.96
190716 10873.5
190717 9397.72
190718 9674.28
190719 10638.56
190720 10535.75
190721 10764.9
190722 10587.41
190723 10323.62
190724 9844.3
190725 9772.17
190726 9875.17
190727 9848.65
190728 9473.99
190729 9530.0
190730 9501.33
190731 9589.13
190801 10084.7
190802 10407.17
190803 10529.55
190804 10814.57
190805 10980.23
190806 11787.99
190807 11465.67
190808 11960.82
190809 11996.41
190810 11856.64
190811 11282.22
190812 11566.84
190813 11386.26
190814 10858.12
190815 10016.96
190816 10302.17
190817 10359.44
190818 10214.52
190819 10317.6
190820 10917.26
190821 10760.56
190822 10129.4
190823 10111.98
190824 10405.81
190825 10143.8
190826 10135.06
190827 10360.28
190828 10171.95
190829 9717.82
190830 9484.55
190831 9577.99
190901 9600.9
190902 9769.79
190903 10386.64
190904 10621.29
190905 10584.16
190906 10577.8
190907 10317.47
190908 10487.21
190909 10406.31
190910 10313.66
190911 10101.03
190912 10159.32
190913 10420.16
190914 10363.9
190915 10361.33
190916 10310.43
190917 10265.63
190918 10190.36
190919 10157.59
190920 10275.88
190921 10173.11
190922 9979.49
190923 10033.05
190924 9683.38
190925 8553.61
190926 8432.23
190927 8055.64
190928 8193.9
190929 8225.0
190930 8056.74
191001 8307.74
191002 8322.92
191003 8382.03
191004 8236.17
191005 8155.48
191006 8147.69
191007 7869.74
191008 8212.02
191009 8190.0
191010 8587.92
191011 8586.9
191012 8269.73
191013 8308.01
191014 8283.76
191015 8353.54
191016 8162.16
191017 8002.51
191018 8076.78
191019 7954.15
191020 7960.04
191021 8231.06
191022 8222.52
191023 8026.76
191024 7469.56
191025 7431.88
191026 8666.79
191027 9259.8
191028 9551.54
191029 9218.76
191030 9433.35
191031 9164.62
191101 9147.98
191102 9252.99
191103 9301.18
191104 9206.16
191105 9418.05
191106 9310.19
191107 9343.34
191108 9204.24
191109 8766.04
191110 8809.41
191111 9037.12
191112 8717.81
191113 8801.52
191114 8762.42
191115 8632.32
191116 8457.69
191117 8482.7
191118 8503.93
191119 8175.99
191120 8120.8
191121 8081.81
191122 7617.07
191123 7286.35
191124 7324.03
191125 6907.4
191126 7130.25
191127 7163.63
191128 7523.83
191129 7431.0
191130 7757.47
191201 7557.72
191202 7402.69
191203 7309.59
191204 7296.77
191205 7192.85
191206 7395.97
191207 7547.19
191208 7504.83
191209 7522.39
191210 7337.42
191211 7220.76
191212 7202.31
191213 7189.16
191214 7251.87
191215 7067.74
191216 7111.14
191217 6879.54
191218 6612.12
191219 7284.29
191220 7150.86
191221 7190.17
191222 7143.2
191223 7514.41
191224 7322.08
191225 7250.69
191226 7192.72
191227 7194.4
191228 7243.93
191229 7301.07
191230 7385.36
191231 7219.6
200101 7168.31
200102 7175.68
200103 6944.33
200104 7326.35
200105 7347.89
200106 7351.57
200107 7759.24
200108 8165.47
200109 8042.65
200110 7817.92
200111 8184.66
200112 8021.49
200113 8173.97
200114 8105.24
200115 8842.42
200116 8813.89
200117 8722.03
200118 8900.34
200119 8910.85
200120 8703.36
200121 8626.47
200122 8722.26
200123 8658.94
200124 8388.11
200125 8428.17
200126 8327.36
200127 8588.42
200128 8895.78
200129 9385.69
200130 9279.81
200131 9502.37
200201 9333.77
200202 9378.09
200203 9314.56
200204 9162.14
200205 9162.14
200206 9614.9
200207 9755.66
200208 9807.54
200209 9907.12
200210 10162.41
200211 9854.79
200212 10275.38
200213 10354.3
200214 10242.43
200215 10368.53
200216 9904.17
200217 9937.67
200218 9703.93
200219 10180.65
200220 9604.72
200221 9606.86
200222 9696.58
200223 9669.63
200224 9989.39
200225 9663.75
200226 9309.15
200227 8785.52
200228 8804.72
200229 8712.35
200301 8534.17
200302 8912.82
200303 8912.82
200304 8754.34
200305 8758.9
200306 9067.39
200307 9155.89
200308 8898.63
200309 8039.38
200310 7931.94
200311 7885.46
200312 7936.65
200313 4830.21
200314 5609.03
200315 5166.26
200316 5348.44
200317 5026.35
200318 5357.61
200319 5410.23
200320 6195.2
200321 6226.44
200322 6189.85
200323 5822.62
200324 6502.16
200325 6768.49
200326 6698.46
200327 6763.75
200328 6369.09
200329 6260.95
200330 5885.41
200331 6405.29
200401 6428.28
200402 6652.87
200403 6809.11
200404 6741.67
200405 6871.69
200406 6777.44
200407 7343.2
200408 7205.55
200409 7365.03
200410 7293.69
200411 6873.24
200412 6891.6
200413 6915.37
200414 6857.66
200415 6871.95
200416 6623.8
200417 7112.27
200418 7034.89
200419 7259.36
200420 7130.04
200421 6840.24
200422 6852.52
200423 7130.99
200424 7477.6
200425 7507.08
200426 7549.52
200427 7699.27
200428 7790.66
200429 7765.33
200430 8777.63
200501 8628.77
200502 8824.66
200503 8973.82
200504 8903.95
200505 8885.93
200506 9030.96
200507 9170.79
200508 10002.48
200509 9821.8
200510 9527.39
200511 8754.46
200512 8617.25
200513 8814.53
200514 9305.93
200515 9790.31
200516 9303.59
200517 9385.7
200518 9669.4
200519 9719.37
200520 9785.74
200521 9510.67
200522 9057.57
200523 9167.26
200524 9178.32
200525 8730.73
200526 8899.66
200527 8842.85
200528 9197.54
200529 9569.21
200530 9425.98
200531 9698.1
200601 9450.84
200602 10204.23
200603 9525.57
200604 9658.04
200605 9794.56
200606 9623.75
200607 9670.43
200608 9753.85
200609 9782.59
200610 9775.15
200611 9892.13
200612 9286.42
200613 9459.97
200614 9473.5
200615 9330.07
200616 9426.7
200617 9526.0
200618 9454.81
200619 9380.03
200620 9300.15
200621 9357.43
200622 9284.78
200623 9691.9
200624 9621.49
200625 9276.58
200626 9240.85
200627 9154.45
200628 9004.23
200629 9127.47
200630 9185.35
200701 9133.97
200702 9236.38
200703 9087.98
200704 9072.42
200705 9131.31
200706 9089.09
200707 9348.91
200708 9256.23
200709 9440.07
200710 9238.04
200711 9287.4
200712 9235.96
200713 9295.9
200714 9238.13
200715 9254.52
200716 9193.51
200717 9131.0
200718 9154.19
200719 9174.71
200720 9214.66
200721 9163.87
200722 9392.66
200723 9537.4
200724 9613.11
200725 9551.28
200726 9707.5
200727 9938.83
200728 11042.4
200729 10934.94
200730 11102.67
200731 11114.93
200801 11343.88
200802 11823.69
200803 11077.77
200804 11242.57
200805 11194.25
200806 11750.28
200807 11772.94
200808 11605.6
200809 11767.6
200810 11684.06
200811 11893.03
200812 11392.43
200813 11573.11
200814 11777.43
200815 11774.38
200816 11873.98
200817 11914.01
200818 12293.72
200819 11969.53
200820 11734.0
200821 11865.82
200822 11522.8
200823 11683.44
200824 11653.02
200825 11763.93
200826 11337.4
200827 11467.37
200828 11302.01
200829 11534.75
200830 11481.64
200831 11707.78
200901 11659.57
200902 11923.25
200903 11397.44
200904 10187.51
200905 10467.89
200906 10159.62
200907 10254.93
200908 10367.74
200909 10121.52
200910 10227.83
200911 10352.66
200912 10395.44
200913 10446.44
200914 10330.77
200915 10674.64
200916 10785.62
200917 10948.43
200918 10943.89
200919 10931.79
200920 11081.43
200921 10919.65
200922 10430.46
200923 10532.22
200924 10234.48
200925 10732.43
200926 10692.84
200927 10732.4
200928 10774.24
200929 10692.33
200930 10840.8
201001 10777.92
201002 10619.24
201003 10575.06
201004 10551.77
201005 10673.46
201006 10788.56
201007 10603.74
201008 10670.8
201009 10923.3
201010 11063.19
201011 11302.67
201012 11376.61
201013 11540.04
201014 11428.24
201015 11431.32
201016 11503.73
201017 11327.57
201018 11366.51
201019 11508.2
201020 11758.16
201021 11925.46
201022 12831.56
201023 12990.25
201024 12944.52
201025 13128.46
201026 13036.77
201027 13076.37
201028 13651.47
201029 13289.0
201030 13458.66
201031 13564.72
201101 13810.32
201102 13758.88
201103 13575.17
201104 14023.31
201105 14155.59
201106 15591.39
201107 15595.77
201108 14839.84
201109 15490.6
201110 15328.53
201111 15317.04
201112 15708.65
201113 16295.57
201114 16339.33
201115 16091.07
201116 15968.16
201117 16725.15
201118 17679.72
201119 17798.45
201120 17820.57
201121 18687.45
201122 18699.75
201123 18422.28
201124 18398.91
201125 19172.52
201126 18739.8
201127 17151.44
201128 17138.87
201129 17732.42
201130 18191.6
201201 19709.73
201202 18792.52
201203 19226.97
201204 19454.54
201205 18670.49
201206 19155.06
201207 19377.66
201208 19181.41
201209 18318.87
201210 18554.15
201211 18247.76
201212 18029.36
201213 18803.44
201214 19164.48
201215 19276.59
201216 19439.75
201217 21379.48
201218 22847.46
201219 23150.79
201220 23869.92
201221 23490.58
201222 22745.48
201223 23824.99
201224 23253.37
201225 23715.53
201226 24693.58
201227 26443.21
201228 26246.58
201229 27036.69
201230 27376.37
201231 28856.59
210101 28982.56
210102 29393.75
210103 32195.46
210104 33000.78
210105 32035.03
210106 34046.67
210107 36860.41
210108 39486.04
210109 40670.25
210110 40240.72
210111 38240.09
210112 35544.94
210113 34011.82
210114 37393.13
210115 39158.47
210116 36828.52
210117 36065.2
210118 35793.01
210119 36632.35
210120 36020.13
210121 35538.98
210122 30797.88
210123 33002.38
210124 32099.74
210125 32276.84
210126 32243.26
210127 32541.8
210128 30419.17
210129 33403.17
210130 34314.26
210131 34318.1
210201 33136.46
210202 33522.9
210203 35529.66
210204 37676.25
210205 37002.09
210206 38278.61
210207 39323.26
210208 38928.1
210209 46364.3
210210 46589.58
210211 44878.17
210212 48013.38
210213 47471.4
210214 47185.19
210215 48720.37
210216 47951.85
210217 49160.1
210218 52118.23
210219 51608.15
210220 55916.5
210221 56001.2
210222 57487.86
210223 54123.4
210224 48880.43
210225 50624.84
210226 46800.42
210227 46340.31
210228 46155.87
210301 45113.92
210302 49618.43
210303 48356.04
210304 50477.7
210305 48448.91
210306 48861.38
210307 48881.59
210308 51169.7
210309 52299.33
210310 54881.52
210311 55997.23
210312 57764.0
210313 57253.28
210314 61258.73
210315 59133.47
210316 55754.72
210317 56872.38
210318 58913.0
210319 57665.9
210320 58075.1
210321 58085.8
210322 57411.17
210323 54204.96
210324 54477.46
210325 52508.23
210326 51415.92
210327 55074.47
210328 55863.93
210329 55783.71
210330 57627.67
210331 58730.13
210401 58735.25
210402 58736.92
210403 59031.32
210404 57076.49
210405 58206.55
210406 59054.1
210407 58020.46
210408 55947.27
210409 58048.59
210410 58102.58
210411 59774.0
210412 59964.87
210413 59834.74
210414 63554.44
210415 62969.12
210416 63252.63
210417 61455.98
210418 60087.09
210419 56251.48
210420 55703.14
210421 56507.91
210422 53808.8
210423 51731.71
210424 51153.13
210425 50110.53
210426 49075.58
210427 54056.64
210428 55071.46
210429 54884.1
210430 53584.15
210501 57796.62
210502 57857.5
210503 56610.46
210504 57213.33
210505 53241.72
210506 57473.23
210507 56428.16
210508 57380.27
210509 58928.81
210510 58280.73
210511 55883.5
210512 56750.0
210513 49007.09
210514 49702.27
210515 49922.52
210516 46736.58
210517 46441.64
210518 43596.24
210519 42912.19
210520 36964.27
210521 40784.32
210522 37280.35
210523 37528.3
210524 34754.54
210525 38728.59
210526 38410.5
210527 39266.04
210528 38445.29
210529 35689.62
210530 34647.67
210531 35684.59
210601 37310.54
210602 36662.64
210603 37585.24
210604 39188.59
210605 36885.51
210606 35530.38
210607 35816.17
210608 33514.87
210609 33450.19
210610 37338.36
210611 36704.57
210612 37313.18
210613 35494.9
210614 39066.82
210615 40525.8
210616 40188.56
210617 38324.87
210618 38068.04
210619 35729.82
210620 35524.17
210621 35592.35
210622 31686.55
210623 32447.59
210624 33674.66
210625 34639.38
210626 31640.58
210627 32160.91
210628 34644.45
210629 34456.67
210630 35847.7
210701 35047.36
210702 33536.88
210703 33856.86
210704 34688.98
210705 35309.3
210706 33747.97
210707 34211.01
210708 33839.04
210709 32877.41
210710 33818.52
210711 33515.57
210712 34227.64
210713 33158.25
210714 32686.56
210715 32814.61
210716 31738.59
210717 31421.25
210718 31520.66
210719 31783.49
210720 30815.94
210721 29790.24
210722 32118.06
210723 32297.89
210724 33581.63
210725 34279.34
210726 35365.2
210727 37318.14
210728 39405.95
210729 40002.53
210730 40005.93
210731 42214.15
210801 41659.06
210802 40000.46
210803 39193.94
210804 38138.0
210805 39750.14
210806 40882.0
210807 42825.95
210808 44634.13
210809 43816.14
210810 46333.46
210811 45608.37
210812 45611.46
210813 44417.78
210814 47833.98
210815 47112.19
210816 47056.41
210817 45982.55
210818 44648.57
210819 44777.86
210820 46734.65
210821 49327.75
210822 48932.02
210823 49335.68
210824 49523.5
210825 47744.58
210826 48972.09
210827 46962.8
210828 49056.86
210829 48897.65
210830 48806.78
210831 47074.77
210901 47155.87
210902 48862.76
210903 49329.01
210904 50035.33
210905 49947.38
210906 51769.06
210907 52677.4
210908 46809.17
210909 46078.38
210910 46368.69
